Spot Integral Intensity File
Grid: 36 by 24, spot diameter 1.100, spot style round
XQN, YQN, XSN, YSN, Attr, UID, Descr, Data Area, Bkg Area, (N of Saturated Pixels, Spot Integral Intensity, Spot Background Integral Intensity) x M
1, 1, 1, 1, 0, NA, NA, 1910, 2559, 0, 2.862e+005, 0.000e+000
1, 1, 2, 1, 0, NA, NA, 1910, 2559, 0, 4.385e+005, 0.000e+000
1, 1, 3, 1, 0, NA, NA, 1910, 2559, 0, 5.240e+005, 0.000e+000
1, 1, 4, 1, 0, NA, NA, 1910, 2559, 0, 5.124e+005, 0.000e+000
1, 1, 5, 1, 0, NA, NA, 1910, 2559, 0, 4.988e+005, 0.000e+000
1, 1, 6, 1, 0, NA, NA, 1910, 2559, 0, 6.012e+005, 0.000e+000
1, 1, 7, 1, 0, NA, NA, 1910, 2559, 0, 4.418e+005, 0.000e+000
1, 1, 8, 1, 0, NA, NA, 1910, 2559, 0, 5.939e+005, 0.000e+000
1, 1, 9, 1, 0, NA, NA, 1910, 2559, 0, 5.034e+005, 9.610e+002
1, 1, 10, 1, 0, NA, NA, 1910, 2559, 0, 0.000e+000, 0.000e+000
1, 1, 11, 1, 0, NA, NA, 1910, 2559, 0, 0.000e+000, 8.194e+003
1, 1, 12, 1, 0, NA, NA, 1910, 2559, 0, 0.000e+000, 0.000e+000
1, 1, 13, 1, 0, NA, NA, 1910, 2559, 0, 0.000e+000, 0.000e+000
1, 1, 14, 1, 0, NA, NA, 1910, 2559, 0, 0.000e+000, 0.000e+000
1, 1, 15, 1, 0, NA, NA, 1910, 2559, 0, 0.000e+000, 3.680e+002
1, 1, 16, 1, 0, NA, NA, 1910, 2559, 0, 6.800e+001, 0.000e+000
1, 1, 17, 1, 0, NA, NA, 1910, 2559, 0, 1.540e+002, 3.160e+002
1, 1, 18, 1, 0, NA, NA, 1910, 2559, 0, 4.514e+003, 3.629e+003
1, 1, 19, 1, 0, NA, NA, 1910, 2559, 0, 4.369e+003, 5.398e+003
1, 1, 20, 1, 0, NA, NA, 1910, 2559, 0, 3.542e+004, 2.414e+004
1, 1, 21, 1, 0, NA, NA, 1910, 2559, 0, 7.166e+004, 5.624e+004
1, 1, 22, 1, 0, NA, NA, 1910, 2559, 0, 7.625e+004, 7.930e+004
1, 1, 23, 1, 0, NA, NA, 1910, 2559, 0, 7.725e+004, 5.310e+004
1, 1, 24, 1, 0, NA, NA, 1910, 2559, 0, 3.894e+004, 3.602e+004
1, 1, 25, 1, 0, NA, NA, 1910, 2559, 0, 1.297e+004, 1.392e+004
1, 1, 26, 1, 0, NA, NA, 1910, 2559, 0, 7.785e+003, 2.691e+003
1, 1, 27, 1, 0, NA, NA, 1910, 2559, 0, 3.352e+003, 9.980e+002
1, 1, 28, 1, 0, NA, NA, 1910, 2559, 0, 3.518e+005, 4.100e+002
1, 1, 29, 1, 0, NA, NA, 1910, 2559, 0, 3.602e+005, 0.000e+000
1, 1, 30, 1, 0, NA, NA, 1910, 2559, 0, 4.291e+005, 0.000e+000
1, 1, 31, 1, 0, NA, NA, 1910, 2559, 0, 1.935e+005, 0.000e+000
1, 1, 32, 1, 0, NA, NA, 1910, 2559, 0, 1.999e+005, 2.030e+002
1, 1, 33, 1, 0, NA, NA, 1910, 2559, 0, 2.025e+005, 7.940e+002
1, 1, 34, 1, 0, NA, NA, 1910, 2559, 0, 1.623e+005, 2.300e+001
1, 1, 35, 1, 0, NA, NA, 1910, 2559, 0, 1.151e+005, 2.448e+003
1, 1, 36, 1, 0, NA, NA, 1910, 2559, 0, 1.475e+005, 0.000e+000
1, 1, 1, 2, 0, NA, NA, 1910, 2559, 0, 0.000e+000, 0.000e+000
1, 1, 2, 2, 0, NA, NA, 1910, 2559, 0, 0.000e+000, 0.000e+000
1, 1, 3, 2, 0, NA, NA, 1910, 2559, 0, 0.000e+000, 0.000e+000
1, 1, 4, 2, 0, NA, NA, 1910, 2559, 0, 2.258e+004, 0.000e+000
1, 1, 5, 2, 0, NA, NA, 1910, 2559, 0, 4.038e+004, 0.000e+000
1, 1, 6, 2, 0, NA, NA, 1910, 2559, 0, 5.224e+004, 0.000e+000
1, 1, 7, 2, 0, NA, NA, 1910, 2559, 0, 2.531e+004, 0.000e+000
1, 1, 8, 2, 0, NA, NA, 1910, 2559, 0, 3.396e+004, 0.000e+000
1, 1, 9, 2, 0, NA, NA, 1910, 2559, 0, 4.685e+004, 8.284e+003
1, 1, 10, 2, 0, NA, NA, 1910, 2559, 0, 0.000e+000, 3.300e+001
1, 1, 11, 2, 0, NA, NA, 1910, 2559, 0, 0.000e+000, 0.000e+000
1, 1, 12, 2, 0, NA, NA, 1910, 2559, 0, 1.093e+003, 0.000e+000
1, 1, 13, 2, 0, NA, NA, 1910, 2559, 0, 0.000e+000, 6.200e+001
1, 1, 14, 2, 0, NA, NA, 1910, 2559, 0, 0.000e+000, 0.000e+000
1, 1, 15, 2, 0, NA, NA, 1910, 2559, 0, 0.000e+000, 2.350e+002
1, 1, 16, 2, 0, NA, NA, 1910, 2559, 0, 5.303e+003, 1.400e+002
1, 1, 17, 2, 0, NA, NA, 1910, 2559, 0, 1.558e+003, 1.443e+003
1, 1, 18, 2, 0, NA, NA, 1910, 2559, 0, 4.024e+003, 7.795e+003
1, 1, 19, 2, 0, NA, NA, 1910, 2559, 0, 1.002e+004, 2.077e+004
1, 1, 20, 2, 0, NA, NA, 1910, 2559, 0, 4.833e+004, 6.892e+004
1, 1, 21, 2, 0, NA, NA, 1910, 2559, 0, 1.076e+005, 4.266e+005
1, 1, 22, 2, 0, NA, NA, 1910, 2559, 0, 1.722e+005, 1.933e+005
1, 1, 23, 2, 0, NA, NA, 1910, 2559, 0, 8.460e+004, 1.285e+005
1, 1, 24, 2, 0, NA, NA, 1910, 2559, 0, 6.356e+004, 7.759e+004
1, 1, 25, 2, 0, NA, NA, 1910, 2559, 0, 4.465e+004, 6.734e+004
1, 1, 26, 2, 0, NA, NA, 1910, 2559, 0, 1.793e+004, 2.476e+004
1, 1, 27, 2, 0, NA, NA, 1910, 2559, 0, 2.926e+003, 1.645e+005
1, 1, 28, 2, 0, NA, NA, 1910, 2559, 0, 8.666e+004, 5.880e+002
1, 1, 29, 2, 0, NA, NA, 1910, 2559, 0, 7.964e+004, 4.100e+002
1, 1, 30, 2, 0, NA, NA, 1910, 2559, 0, 5.007e+004, 2.200e+002
1, 1, 31, 2, 0, NA, NA, 1910, 2559, 0, 6.010e+004, 9.200e+001
1, 1, 32, 2, 0, NA, NA, 1910, 2559, 0, 3.043e+004, 5.320e+002
1, 1, 33, 2, 0, NA, NA, 1910, 2559, 0, 4.092e+004, 6.320e+002
1, 1, 34, 2, 0, NA, NA, 1910, 2559, 0, 1.261e+004, 4.187e+004
1, 1, 35, 2, 0, NA, NA, 1910, 2559, 0, 1.031e+004, 1.026e+004
1, 1, 36, 2, 0, NA, NA, 1910, 2559, 0, 1.741e+004, 6.630e+002
1, 1, 1, 3, 0, NA, NA, 1910, 2559, 0, 0.000e+000, 0.000e+000
1, 1, 2, 3, 0, NA, NA, 1910, 2559, 0, 0.000e+000, 0.000e+000
1, 1, 3, 3, 0, NA, NA, 1910, 2559, 0, 0.000e+000, 0.000e+000
1, 1, 4, 3, 0, NA, NA, 1910, 2559, 0, 0.000e+000, 3.200e+002
1, 1, 5, 3, 0, NA, NA, 1910, 2559, 0, 0.000e+000, 0.000e+000
1, 1, 6, 3, 0, NA, NA, 1910, 2559, 0, 0.000e+000, 0.000e+000
1, 1, 7, 3, 0, NA, NA, 1910, 2559, 0, 0.000e+000, 0.000e+000
1, 1, 8, 3, 0, NA, NA, 1910, 2559, 0, 0.000e+000, 0.000e+000
1, 1, 9, 3, 0, NA, NA, 1910, 2559, 0, 0.000e+000, 0.000e+000
1, 1, 10, 3, 0, NA, NA, 1910, 2559, 0, 0.000e+000, 5.394e+003
1, 1, 11, 3, 0, NA, NA, 1910, 2559, 0, 0.000e+000, 0.000e+000
1, 1, 12, 3, 0, NA, NA, 1910, 2559, 0, 4.080e+002, 4.127e+003
1, 1, 13, 3, 0, NA, NA, 1910, 2559, 0, 3.000e+000, 4.300e+001
1, 1, 14, 3, 0, NA, NA, 1910, 2559, 0, 4.140e+002, 3.900e+001
1, 1, 15, 3, 0, NA, NA, 1910, 2559, 0, 3.516e+003, 1.780e+003
1, 1, 16, 3, 0, NA, NA, 1910, 2559, 0, 1.041e+003, 2.238e+003
1, 1, 17, 3, 0, NA, NA, 1910, 2559, 0, 3.685e+003, 5.954e+003
1, 1, 18, 3, 0, NA, NA, 1910, 2559, 0, 9.463e+003, 1.194e+004
1, 1, 19, 3, 0, NA, NA, 1910, 2559, 0, 2.048e+004, 3.163e+004
1, 1, 20, 3, 0, NA, NA, 1910, 2559, 0, 1.140e+005, 1.447e+005
1, 1, 21, 3, 0, NA, NA, 1910, 2559, 0, 1.180e+005, 1.848e+005
1, 1, 22, 3, 0, NA, NA, 1910, 2559, 0, 1.238e+005, 2.018e+005
1, 1, 23, 3, 0, NA, NA, 1910, 2559, 0, 1.741e+005, 2.276e+005
1, 1, 24, 3, 0, NA, NA, 1910, 2559, 0, 1.146e+005, 2.146e+005
1, 1, 25, 3, 0, NA, NA, 1910, 2559, 0, 9.001e+004, 1.455e+005
1, 1, 26, 3, 0, NA, NA, 1910, 2559, 0, 4.403e+004, 4.957e+004
1, 1, 27, 3, 0, NA, NA, 1910, 2559, 0, 1.608e+004, 2.552e+004
1, 1, 28, 3, 0, NA, NA, 1910, 2559, 0, 6.371e+004, 9.666e+003
1, 1, 29, 3, 0, NA, NA, 1910, 2559, 0, 1.256e+004, 1.350e+003
1, 1, 30, 3, 0, NA, NA, 1910, 2559, 0, 2.936e+003, 4.030e+003
1, 1, 31, 3, 0, NA, NA, 1910, 2559, 0, 6.345e+003, 4.803e+003
1, 1, 32, 3, 0, NA, NA, 1910, 2559, 0, 7.091e+003, 1.414e+003
1, 1, 33, 3, 0, NA, NA, 1910, 2559, 0, 5.546e+004, 1.509e+004
1, 1, 34, 3, 0, NA, NA, 1910, 2559, 0, 3.512e+003, 8.183e+004
1, 1, 35, 3, 0, NA, NA, 1910, 2559, 0, 6.698e+003, 3.236e+003
1, 1, 36, 3, 0, NA, NA, 1910, 2559, 0, 7.277e+003, 2.796e+004
1, 1, 1, 4, 0, NA, NA, 1910, 2559, 0, 0.000e+000, 0.000e+000
1, 1, 2, 4, 0, NA, NA, 1910, 2559, 0, 0.000e+000, 0.000e+000
1, 1, 3, 4, 0, NA, NA, 1910, 2559, 0, 0.000e+000, 0.000e+000
1, 1, 4, 4, 0, NA, NA, 1910, 2559, 0, 4.528e+003, 0.000e+000
1, 1, 5, 4, 0, NA, NA, 1910, 2559, 0, 9.434e+003, 2.274e+003
1, 1, 6, 4, 0, NA, NA, 1910, 2559, 0, 7.196e+003, 0.000e+000
1, 1, 7, 4, 0, NA, NA, 1910, 2559, 0, 2.119e+004, 0.000e+000
1, 1, 8, 4, 0, NA, NA, 1910, 2559, 0, 6.480e+003, 0.000e+000
1, 1, 9, 4, 0, NA, NA, 1910, 2559, 0, 1.019e+004, 5.986e+003
1, 1, 10, 4, 0, NA, NA, 1910, 2559, 0, 0.000e+000, 1.126e+004
1, 1, 11, 4, 0, NA, NA, 1910, 2559, 0, 3.520e+003, 1.080e+002
1, 1, 12, 4, 0, NA, NA, 1910, 2559, 0, 1.816e+003, 2.004e+003
1, 1, 13, 4, 0, NA, NA, 1910, 2559, 0, 9.050e+002, 1.545e+003
1, 1, 14, 4, 0, NA, NA, 1910, 2559, 0, 2.327e+003, 4.470e+003
1, 1, 15, 4, 0, NA, NA, 1910, 2559, 0, 1.923e+003, 3.606e+003
1, 1, 16, 4, 0, NA, NA, 1910, 2559, 0, 2.434e+004, 1.033e+004
1, 1, 17, 4, 0, NA, NA, 1910, 2559, 0, 1.047e+004, 3.295e+004
1, 1, 18, 4, 0, NA, NA, 1910, 2559, 0, 1.047e+004, 3.246e+004
1, 1, 19, 4, 0, NA, NA, 1910, 2559, 0, 3.826e+004, 5.973e+004
1, 1, 20, 4, 0, NA, NA, 1910, 2559, 0, 1.412e+005, 2.007e+005
1, 1, 21, 4, 0, NA, NA, 1910, 2559, 0, 1.690e+005, 2.325e+005
1, 1, 22, 4, 0, NA, NA, 1910, 2559, 0, 1.701e+005, 2.870e+005
1, 1, 23, 4, 0, NA, NA, 1910, 2559, 0, 2.061e+005, 2.839e+005
1, 1, 24, 4, 0, NA, NA, 1910, 2559, 0, 2.886e+005, 4.574e+005
1, 1, 25, 4, 0, NA, NA, 1910, 2559, 0, 2.825e+005, 3.765e+005
1, 1, 26, 4, 0, NA, NA, 1910, 2559, 0, 1.036e+005, 1.885e+005
1, 1, 27, 4, 0, NA, NA, 1910, 2559, 0, 7.938e+004, 7.439e+004
1, 1, 28, 4, 0, NA, NA, 1910, 2559, 0, 2.328e+005, 1.065e+005
1, 1, 29, 4, 0, NA, NA, 1910, 2559, 0, 2.316e+005, 1.137e+004
1, 1, 30, 4, 0, NA, NA, 1910, 2559, 0, 1.753e+005, 2.449e+004
1, 1, 31, 4, 0, NA, NA, 1910, 2559, 0, 1.420e+005, 9.354e+003
1, 1, 32, 4, 0, NA, NA, 1910, 2559, 0, 1.369e+005, 9.219e+003
1, 1, 33, 4, 0, NA, NA, 1910, 2559, 0, 8.423e+004, 1.874e+004
1, 1, 34, 4, 0, NA, NA, 1910, 2559, 0, 1.363e+005, 3.059e+005
1, 1, 35, 4, 0, NA, NA, 1910, 2559, 0, 1.142e+005, 1.544e+004
1, 1, 36, 4, 0, NA, NA, 1910, 2559, 0, 1.015e+005, 4.704e+003
1, 1, 1, 5, 0, NA, NA, 1910, 2559, 0, 0.000e+000, 0.000e+000
1, 1, 2, 5, 0, NA, NA, 1910, 2559, 0, 0.000e+000, 0.000e+000
1, 1, 3, 5, 0, NA, NA, 1910, 2559, 0, 0.000e+000, 1.043e+003
1, 1, 4, 5, 0, NA, NA, 1910, 2559, 0, 0.000e+000, 0.000e+000
1, 1, 5, 5, 0, NA, NA, 1910, 2559, 0, 4.910e+002, 1.240e+002
1, 1, 6, 5, 0, NA, NA, 1910, 2559, 0, 0.000e+000, 1.281e+004
1, 1, 7, 5, 0, NA, NA, 1910, 2559, 0, 1.851e+004, 1.320e+002
1, 1, 8, 5, 0, NA, NA, 1910, 2559, 0, 4.300e+001, 0.000e+000
1, 1, 9, 5, 0, NA, NA, 1910, 2559, 0, 0.000e+000, 1.953e+003
1, 1, 10, 5, 0, NA, NA, 1910, 2559, 0, 9.300e+001, 5.238e+003
1, 1, 11, 5, 0, NA, NA, 1910, 2559, 0, 3.490e+002, 2.103e+004
1, 1, 12, 5, 0, NA, NA, 1910, 2559, 0, 1.341e+003, 4.564e+003
1, 1, 13, 5, 0, NA, NA, 1910, 2559, 0, 2.645e+003, 1.354e+003
1, 1, 14, 5, 0, NA, NA, 1910, 2559, 0, 1.622e+003, 5.898e+003
1, 1, 15, 5, 0, NA, NA, 1910, 2559, 0, 7.907e+003, 4.209e+003
1, 1, 16, 5, 0, NA, NA, 1910, 2559, 0, 2.656e+003, 9.122e+003
1, 1, 17, 5, 0, NA, NA, 1910, 2559, 0, 1.043e+004, 1.804e+004
1, 1, 18, 5, 0, NA, NA, 1910, 2559, 0, 2.019e+004, 2.636e+004
1, 1, 19, 5, 0, NA, NA, 1910, 2559, 0, 4.564e+004, 7.024e+004
1, 1, 20, 5, 0, NA, NA, 1910, 2559, 0, 8.460e+004, 1.384e+005
1, 1, 21, 5, 0, NA, NA, 1910, 2559, 0, 2.078e+005, 2.302e+005
1, 1, 22, 5, 0, NA, NA, 1910, 2559, 0, 2.787e+005, 3.297e+005
1, 1, 23, 5, 0, NA, NA, 1910, 2559, 0, 3.238e+005, 3.800e+005
1, 1, 24, 5, 0, NA, NA, 1910, 2559, 0, 3.269e+005, 5.450e+005
1, 1, 25, 5, 0, NA, NA, 1910, 2559, 0, 4.059e+005, 5.087e+005
1, 1, 26, 5, 0, NA, NA, 1910, 2559, 0, 2.281e+005, 3.578e+005
1, 1, 27, 5, 0, NA, NA, 1910, 2559, 0, 1.362e+005, 1.746e+005
1, 1, 28, 5, 0, NA, NA, 1910, 2559, 0, 1.055e+005, 6.097e+004
1, 1, 29, 5, 0, NA, NA, 1910, 2559, 0, 6.259e+004, 4.299e+004
1, 1, 30, 5, 0, NA, NA, 1910, 2559, 0, 3.598e+004, 1.748e+004
1, 1, 31, 5, 0, NA, NA, 1910, 2559, 0, 3.406e+004, 1.574e+004
1, 1, 32, 5, 0, NA, NA, 1910, 2559, 0, 4.273e+004, 1.556e+004
1, 1, 33, 5, 0, NA, NA, 1910, 2559, 0, 3.226e+004, 5.828e+003
1, 1, 34, 5, 0, NA, NA, 1910, 2559, 0, 8.254e+005, 8.221e+005
1, 1, 35, 5, 0, NA, NA, 1910, 2559, 0, 1.835e+004, 3.920e+003
1, 1, 36, 5, 0, NA, NA, 1910, 2559, 0, 4.830e+004, 6.930e+003
1, 1, 1, 6, 0, NA, NA, 1910, 2559, 0, 0.000e+000, 0.000e+000
1, 1, 2, 6, 0, NA, NA, 1910, 2559, 0, 0.000e+000, 0.000e+000
1, 1, 3, 6, 0, NA, NA, 1910, 2559, 0, 0.000e+000, 0.000e+000
1, 1, 4, 6, 0, NA, NA, 1910, 2559, 0, 0.000e+000, 1.392e+005
1, 1, 5, 6, 0, NA, NA, 1910, 2559, 0, 1.258e+005, 0.000e+000
1, 1, 6, 6, 0, NA, NA, 1910, 2559, 0, 0.000e+000, 7.036e+003
1, 1, 7, 6, 0, NA, NA, 1910, 2559, 0, 0.000e+000, 0.000e+000
1, 1, 8, 6, 0, NA, NA, 1910, 2559, 0, 8.300e+001, 0.000e+000
1, 1, 9, 6, 0, NA, NA, 1910, 2559, 0, 1.800e+002, 3.610e+002
1, 1, 10, 6, 0, NA, NA, 1910, 2559, 0, 3.600e+001, 7.024e+005
1, 1, 11, 6, 0, NA, NA, 1910, 2559, 0, 1.453e+003, 5.620e+002
1, 1, 12, 6, 0, NA, NA, 1910, 2559, 0, 1.285e+003, 0.000e+000
1, 1, 13, 6, 0, NA, NA, 1910, 2559, 0, 8.560e+002, 3.650e+002
1, 1, 14, 6, 0, NA, NA, 1910, 2559, 0, 2.044e+003, 1.137e+003
1, 1, 15, 6, 0, NA, NA, 1910, 2559, 0, 1.647e+003, 2.281e+003
1, 1, 16, 6, 0, NA, NA, 1910, 2559, 0, 2.872e+003, 7.574e+003
1, 1, 17, 6, 0, NA, NA, 1910, 2559, 0, 4.189e+003, 1.466e+004
1, 1, 18, 6, 0, NA, NA, 1910, 2559, 0, 6.207e+003, 8.488e+003
1, 1, 19, 6, 0, NA, NA, 1910, 2559, 0, 3.052e+004, 1.018e+005
1, 1, 20, 6, 0, NA, NA, 1910, 2559, 0, 9.290e+004, 1.444e+005
1, 1, 21, 6, 0, NA, NA, 1910, 2559, 0, 1.599e+005, 1.946e+005
1, 1, 22, 6, 0, NA, NA, 1910, 2559, 0, 2.379e+005, 4.283e+005
1, 1, 23, 6, 0, NA, NA, 1910, 2559, 0, 4.519e+005, 6.254e+005
1, 1, 24, 6, 0, NA, NA, 1910, 2559, 0, 3.621e+005, 5.613e+005
1, 1, 25, 6, 0, NA, NA, 1910, 2559, 0, 3.718e+005, 5.503e+005
1, 1, 26, 6, 0, NA, NA, 1910, 2559, 0, 2.962e+005, 4.968e+005
1, 1, 27, 6, 0, NA, NA, 1910, 2559, 0, 2.680e+005, 3.374e+005
1, 1, 28, 6, 0, NA, NA, 1910, 2559, 0, 6.993e+004, 1.287e+005
1, 1, 29, 6, 0, NA, NA, 1910, 2559, 0, 5.362e+004, 5.960e+004
1, 1, 30, 6, 0, NA, NA, 1910, 2559, 0, 3.903e+004, 2.471e+004
1, 1, 31, 6, 0, NA, NA, 1910, 2559, 0, 2.097e+004, 3.405e+004
1, 1, 32, 6, 0, NA, NA, 1910, 2559, 0, 2.292e+005, 1.025e+004
1, 1, 33, 6, 0, NA, NA, 1910, 2559, 0, 6.414e+003, 1.133e+004
1, 1, 34, 6, 0, NA, NA, 1910, 2559, 0, 6.059e+003, 1.023e+004
1, 1, 35, 6, 0, NA, NA, 1910, 2559, 0, 7.172e+003, 6.050e+003
1, 1, 36, 6, 0, NA, NA, 1910, 2559, 0, 1.153e+004, 6.110e+003
1, 1, 1, 7, 0, NA, NA, 1910, 2559, 0, 3.069e+005, 0.000e+000
1, 1, 2, 7, 0, NA, NA, 1910, 2559, 0, 3.889e+005, 3.895e+003
1, 1, 3, 7, 0, NA, NA, 1910, 2559, 0, 3.817e+005, 7.160e+002
1, 1, 4, 7, 0, NA, NA, 1910, 2559, 0, 4.114e+005, 2.271e+003
1, 1, 5, 7, 0, NA, NA, 1910, 2559, 0, 4.161e+005, 0.000e+000
1, 1, 6, 7, 0, NA, NA, 1910, 2559, 0, 4.957e+005, 0.000e+000
1, 1, 7, 7, 0, NA, NA, 1910, 2559, 0, 5.470e+005, 3.900e+001
1, 1, 8, 7, 0, NA, NA, 1910, 2559, 0, 5.199e+005, 9.363e+003
1, 1, 9, 7, 0, NA, NA, 1910, 2559, 0, 6.179e+005, 1.950e+002
1, 1, 10, 7, 0, NA, NA, 1910, 2559, 0, 2.078e+005, 7.814e+003
1, 1, 11, 7, 0, NA, NA, 1910, 2559, 0, 1.625e+005, 2.530e+002
1, 1, 12, 7, 0, NA, NA, 1910, 2559, 0, 7.219e+004, 6.350e+002
1, 1, 13, 7, 0, NA, NA, 1910, 2559, 0, 5.630e+004, 7.000e+001
1, 1, 14, 7, 0, NA, NA, 1910, 2559, 0, 1.485e+005, 1.876e+003
1, 1, 15, 7, 0, NA, NA, 1910, 2559, 0, 1.873e+005, 1.466e+004
1, 1, 16, 7, 0, NA, NA, 1910, 2559, 0, 1.594e+005, 5.315e+003
1, 1, 17, 7, 0, NA, NA, 1910, 2559, 0, 3.873e+005, 1.066e+004
1, 1, 18, 7, 0, NA, NA, 1910, 2559, 0, 6.681e+005, 1.969e+004
1, 1, 19, 7, 0, NA, NA, 1910, 2559, 0, 9.839e+006, 4.973e+004
1, 1, 20, 7, 0, NA, NA, 1910, 2559, 0, 9.750e+006, 2.259e+005
1, 1, 21, 7, 0, NA, NA, 1910, 2559, 0, 1.017e+007, 3.863e+005
1, 1, 22, 7, 0, NA, NA, 1910, 2559, 0, 1.064e+007, 7.180e+005
1, 1, 23, 7, 0, NA, NA, 1910, 2559, 0, 1.070e+007, 8.590e+005
1, 1, 24, 7, 0, NA, NA, 1910, 2559, 0, 1.040e+007, 9.727e+005
1, 1, 25, 7, 0, NA, NA, 1910, 2559, 0, 1.040e+007, 8.169e+005
1, 1, 26, 7, 0, NA, NA, 1910, 2559, 0, 1.043e+007, 7.373e+005
1, 1, 27, 7, 0, NA, NA, 1910, 2559, 0, 9.812e+006, 5.147e+005
1, 1, 28, 7, 0, NA, NA, 1910, 2559, 0, 3.475e+006, 1.743e+005
1, 1, 29, 7, 0, NA, NA, 1910, 2559, 0, 2.651e+006, 9.866e+004
1, 1, 30, 7, 0, NA, NA, 1910, 2559, 0, 2.608e+006, 6.255e+004
1, 1, 31, 7, 0, NA, NA, 1910, 2559, 0, 3.053e+006, 7.359e+004
1, 1, 32, 7, 0, NA, NA, 1910, 2559, 0, 2.665e+006, 2.306e+004
1, 1, 33, 7, 0, NA, NA, 1910, 2559, 0, 2.448e+006, 2.003e+004
1, 1, 34, 7, 0, NA, NA, 1910, 2559, 0, 2.648e+006, 1.245e+004
1, 1, 35, 7, 0, NA, NA, 1910, 2559, 0, 2.171e+006, 1.261e+004
1, 1, 36, 7, 0, NA, NA, 1910, 2559, 0, 2.195e+006, 2.270e+004
1, 1, 1, 8, 0, NA, NA, 1910, 2559, 0, 0.000e+000, 0.000e+000
1, 1, 2, 8, 0, NA, NA, 1910, 2559, 0, 1.318e+003, 0.000e+000
1, 1, 3, 8, 0, NA, NA, 1910, 2559, 0, 6.161e+003, 0.000e+000
1, 1, 4, 8, 0, NA, NA, 1910, 2559, 0, 1.821e+003, 0.000e+000
1, 1, 5, 8, 0, NA, NA, 1910, 2559, 0, 3.405e+003, 0.000e+000
1, 1, 6, 8, 0, NA, NA, 1910, 2559, 0, 1.003e+003, 0.000e+000
1, 1, 7, 8, 0, NA, NA, 1910, 2559, 0, 6.440e+002, 2.600e+002
1, 1, 8, 8, 0, NA, NA, 1910, 2559, 0, 3.765e+003, 0.000e+000
1, 1, 9, 8, 0, NA, NA, 1910, 2559, 0, 3.850e+003, 8.200e+001
1, 1, 10, 8, 0, NA, NA, 1910, 2559, 0, 0.000e+000, 0.000e+000
1, 1, 11, 8, 0, NA, NA, 1910, 2559, 0, 1.197e+003, 1.235e+004
1, 1, 12, 8, 0, NA, NA, 1910, 2559, 0, 7.350e+002, 1.755e+003
1, 1, 13, 8, 0, NA, NA, 1910, 2559, 0, 8.070e+002, 1.540e+003
1, 1, 14, 8, 0, NA, NA, 1910, 2559, 0, 9.730e+002, 7.572e+003
1, 1, 15, 8, 0, NA, NA, 1910, 2559, 0, 1.124e+003, 1.730e+003
1, 1, 16, 8, 0, NA, NA, 1910, 2559, 0, 1.649e+004, 2.293e+003
1, 1, 17, 8, 0, NA, NA, 1910, 2559, 0, 8.784e+004, 8.482e+004
1, 1, 18, 8, 0, NA, NA, 1910, 2559, 0, 4.635e+005, 2.058e+005
1, 1, 19, 8, 0, NA, NA, 1910, 2559, 0, 5.952e+006, 2.242e+005
1, 1, 20, 8, 0, NA, NA, 1910, 2559, 0, 3.626e+006, 1.208e+005
1, 1, 21, 8, 0, NA, NA, 1910, 2559, 0, 3.794e+006, 3.144e+005
1, 1, 22, 8, 0, NA, NA, 1910, 2559, 0, 4.268e+006, 4.941e+005
1, 1, 23, 8, 0, NA, NA, 1910, 2559, 0, 4.306e+006, 7.958e+005
1, 1, 24, 8, 0, NA, NA, 1910, 2559, 0, 4.598e+006, 8.114e+005
1, 1, 25, 8, 0, NA, NA, 1910, 2559, 0, 4.112e+006, 6.450e+005
1, 1, 26, 8, 0, NA, NA, 1910, 2559, 0, 4.311e+006, 4.996e+005
1, 1, 27, 8, 0, NA, NA, 1910, 2559, 0, 3.936e+006, 2.610e+005
1, 1, 28, 8, 0, NA, NA, 1910, 2559, 0, 1.136e+006, 1.321e+005
1, 1, 29, 8, 0, NA, NA, 1910, 2559, 0, 1.129e+006, 6.160e+004
1, 1, 30, 8, 0, NA, NA, 1910, 2559, 0, 1.155e+006, 5.512e+004
1, 1, 31, 8, 0, NA, NA, 1910, 2559, 0, 9.520e+005, 1.873e+004
1, 1, 32, 8, 0, NA, NA, 1910, 2559, 0, 8.583e+005, 1.358e+004
1, 1, 33, 8, 0, NA, NA, 1910, 2559, 0, 8.023e+005, 1.039e+004
1, 1, 34, 8, 0, NA, NA, 1910, 2559, 0, 8.764e+005, 1.337e+004
1, 1, 35, 8, 0, NA, NA, 1910, 2559, 0, 7.842e+005, 1.463e+003
1, 1, 36, 8, 0, NA, NA, 1910, 2559, 0, 7.955e+005, 1.927e+003
1, 1, 1, 9, 0, NA, NA, 1910, 2559, 0, 0.000e+000, 5.900e+001
1, 1, 2, 9, 0, NA, NA, 1910, 2559, 0, 0.000e+000, 0.000e+000
1, 1, 3, 9, 0, NA, NA, 1910, 2559, 0, 0.000e+000, 0.000e+000
1, 1, 4, 9, 0, NA, NA, 1910, 2559, 0, 1.884e+004, 0.000e+000
1, 1, 5, 9, 0, NA, NA, 1910, 2559, 0, 0.000e+000, 0.000e+000
1, 1, 6, 9, 0, NA, NA, 1910, 2559, 0, 0.000e+000, 1.470e+002
1, 1, 7, 9, 0, NA, NA, 1910, 2559, 0, 0.000e+000, 2.126e+003
1, 1, 8, 9, 0, NA, NA, 1910, 2559, 0, 4.080e+002, 3.822e+003
1, 1, 9, 9, 0, NA, NA, 1910, 2559, 0, 0.000e+000, 3.310e+002
1, 1, 10, 9, 0, NA, NA, 1910, 2559, 0, 2.160e+002, 1.824e+003
1, 1, 11, 9, 0, NA, NA, 1910, 2559, 0, 7.400e+001, 3.015e+003
1, 1, 12, 9, 0, NA, NA, 1910, 2559, 0, 0.000e+000, 5.235e+003
1, 1, 13, 9, 0, NA, NA, 1910, 2559, 0, 1.574e+003, 7.920e+002
1, 1, 14, 9, 0, NA, NA, 1910, 2559, 0, 9.860e+002, 5.370e+002
1, 1, 15, 9, 0, NA, NA, 1910, 2559, 0, 1.239e+003, 1.083e+003
1, 1, 16, 9, 0, NA, NA, 1910, 2559, 0, 7.930e+004, 1.130e+005
1, 1, 17, 9, 0, NA, NA, 1910, 2559, 0, 1.890e+005, 1.940e+005
1, 1, 18, 9, 0, NA, NA, 1910, 2559, 0, 1.706e+005, 3.161e+005
1, 1, 19, 9, 0, NA, NA, 1910, 2559, 0, 3.995e+006, 6.927e+005
1, 1, 20, 9, 0, NA, NA, 1910, 2559, 0, 3.791e+006, 6.517e+005
1, 1, 21, 9, 0, NA, NA, 1910, 2559, 0, 1.618e+006, 3.027e+005
1, 1, 22, 9, 0, NA, NA, 1910, 2559, 0, 1.759e+006, 3.483e+005
1, 1, 23, 9, 0, NA, NA, 1910, 2559, 0, 1.904e+006, 5.002e+005
1, 1, 24, 9, 0, NA, NA, 1910, 2559, 0, 1.834e+006, 5.474e+005
1, 1, 25, 9, 0, NA, NA, 1910, 2559, 0, 1.809e+006, 4.679e+005
1, 1, 26, 9, 0, NA, NA, 1910, 2559, 0, 1.706e+006, 2.659e+005
1, 1, 27, 9, 0, NA, NA, 1910, 2559, 0, 1.789e+006, 1.603e+005
1, 1, 28, 9, 0, NA, NA, 1910, 2559, 0, 4.145e+005, 8.100e+004
1, 1, 29, 9, 0, NA, NA, 1910, 2559, 0, 5.495e+005, 4.841e+004
1, 1, 30, 9, 0, NA, NA, 1910, 2559, 0, 3.665e+005, 4.298e+004
1, 1, 31, 9, 0, NA, NA, 1910, 2559, 0, 2.285e+005, 1.232e+004
1, 1, 32, 9, 0, NA, NA, 1910, 2559, 0, 1.367e+005, 3.481e+003
1, 1, 33, 9, 0, NA, NA, 1910, 2559, 0, 1.018e+005, 2.651e+003
1, 1, 34, 9, 0, NA, NA, 1910, 2559, 0, 2.006e+005, 4.275e+003
1, 1, 35, 9, 0, NA, NA, 1910, 2559, 0, 1.552e+005, 9.730e+002
1, 1, 36, 9, 0, NA, NA, 1910, 2559, 0, 1.203e+005, 1.505e+003
1, 1, 1, 10, 0, NA, NA, 1910, 2559, 0, 0.000e+000, 0.000e+000
1, 1, 2, 10, 0, NA, NA, 1910, 2559, 0, 0.000e+000, 5.452e+003
1, 1, 3, 10, 0, NA, NA, 1910, 2559, 0, 1.340e+002, 3.971e+003
1, 1, 4, 10, 0, NA, NA, 1910, 2559, 0, 3.587e+004, 9.250e+002
1, 1, 5, 10, 0, NA, NA, 1910, 2559, 0, 5.440e+002, 3.306e+003
1, 1, 6, 10, 0, NA, NA, 1910, 2559, 0, 1.240e+002, 2.176e+003
1, 1, 7, 10, 0, NA, NA, 1910, 2559, 0, 2.398e+004, 4.384e+003
1, 1, 8, 10, 0, NA, NA, 1910, 2559, 0, 5.590e+002, 1.261e+003
1, 1, 9, 10, 0, NA, NA, 1910, 2559, 0, 8.927e+003, 4.149e+004
1, 1, 10, 10, 0, NA, NA, 1910, 2559, 0, 5.887e+004, 1.193e+004
1, 1, 11, 10, 0, NA, NA, 1910, 2559, 0, 6.701e+004, 1.837e+003
1, 1, 12, 10, 0, NA, NA, 1910, 2559, 0, 5.425e+004, 7.372e+004
1, 1, 13, 10, 0, NA, NA, 1910, 2559, 0, 5.217e+004, 1.570e+003
1, 1, 14, 10, 0, NA, NA, 1910, 2559, 0, 6.056e+004, 1.667e+003
1, 1, 15, 10, 0, NA, NA, 1910, 2559, 0, 4.424e+005, 1.657e+005
1, 1, 16, 10, 0, NA, NA, 1910, 2559, 0, 1.142e+006, 4.564e+005
1, 1, 17, 10, 0, NA, NA, 1910, 2559, 0, 5.309e+005, 2.103e+005
1, 1, 18, 10, 0, NA, NA, 1910, 2559, 0, 1.040e+006, 5.574e+005
1, 1, 19, 10, 0, NA, NA, 1910, 2559, 0, 2.016e+006, 1.159e+006
1, 1, 20, 10, 0, NA, NA, 1910, 2559, 0, 2.182e+006, 1.485e+006
1, 1, 21, 10, 0, NA, NA, 1910, 2559, 0, 1.528e+006, 9.922e+005
1, 1, 22, 10, 0, NA, NA, 1910, 2559, 0, 5.632e+005, 3.271e+005
1, 1, 23, 10, 0, NA, NA, 1910, 2559, 0, 5.396e+005, 3.165e+005
1, 1, 24, 10, 0, NA, NA, 1910, 2559, 0, 5.591e+005, 2.787e+005
1, 1, 25, 10, 0, NA, NA, 1910, 2559, 0, 4.233e+005, 2.119e+005
1, 1, 26, 10, 0, NA, NA, 1910, 2559, 0, 3.491e+005, 1.403e+005
1, 1, 27, 10, 0, NA, NA, 1910, 2559, 0, 4.605e+005, 1.171e+005
1, 1, 28, 10, 0, NA, NA, 1910, 2559, 0, 1.229e+006, 7.304e+004
1, 1, 29, 10, 0, NA, NA, 1910, 2559, 0, 1.186e+006, 4.915e+004
1, 1, 30, 10, 0, NA, NA, 1910, 2559, 0, 1.256e+006, 2.061e+004
1, 1, 31, 10, 0, NA, NA, 1910, 2559, 0, 1.230e+006, 8.326e+003
1, 1, 32, 10, 0, NA, NA, 1910, 2559, 0, 1.159e+006, 1.024e+004
1, 1, 33, 10, 0, NA, NA, 1910, 2559, 0, 1.124e+006, 3.453e+003
1, 1, 34, 10, 0, NA, NA, 1910, 2559, 0, 8.943e+005, 6.192e+003
1, 1, 35, 10, 0, NA, NA, 1910, 2559, 0, 8.240e+005, 7.060e+002
1, 1, 36, 10, 0, NA, NA, 1910, 2559, 0, 8.270e+005, 7.580e+002
1, 1, 1, 11, 0, NA, NA, 1910, 2559, 0, 3.106e+003, 5.980e+002
1, 1, 2, 11, 0, NA, NA, 1910, 2559, 0, 8.960e+002, 1.120e+002
1, 1, 3, 11, 0, NA, NA, 1910, 2559, 0, 5.150e+002, 6.493e+003
1, 1, 4, 11, 0, NA, NA, 1910, 2559, 0, 1.099e+004, 6.720e+003
1, 1, 5, 11, 0, NA, NA, 1910, 2559, 0, 1.910e+003, 1.801e+003
1, 1, 6, 11, 0, NA, NA, 1910, 2559, 0, 3.157e+003, 5.158e+003
1, 1, 7, 11, 0, NA, NA, 1910, 2559, 0, 4.389e+003, 1.110e+005
1, 1, 8, 11, 0, NA, NA, 1910, 2559, 0, 7.390e+002, 5.484e+003
1, 1, 9, 11, 0, NA, NA, 1910, 2559, 0, 8.020e+003, 7.300e+002
1, 1, 10, 11, 0, NA, NA, 1910, 2559, 0, 1.705e+004, 2.638e+003
1, 1, 11, 11, 0, NA, NA, 1910, 2559, 0, 1.184e+004, 8.381e+003
1, 1, 12, 11, 0, NA, NA, 1910, 2559, 0, 7.163e+003, 1.937e+003
1, 1, 13, 11, 0, NA, NA, 1910, 2559, 0, 1.186e+003, 7.038e+003
1, 1, 14, 11, 0, NA, NA, 1910, 2559, 0, 1.585e+003, 5.500e+003
1, 1, 15, 11, 0, NA, NA, 1910, 2559, 0, 2.227e+005, 3.455e+005
1, 1, 16, 11, 0, NA, NA, 1910, 2559, 0, 5.714e+005, 6.447e+005
1, 1, 17, 11, 0, NA, NA, 1910, 2559, 0, 4.574e+005, 5.821e+005
1, 1, 18, 11, 0, NA, NA, 1910, 2559, 0, 5.808e+005, 9.418e+005
1, 1, 19, 11, 0, NA, NA, 1910, 2559, 0, 1.391e+006, 1.432e+006
1, 1, 20, 11, 0, NA, NA, 1910, 2559, 0, 1.594e+006, 1.771e+006
1, 1, 21, 11, 0, NA, NA, 1910, 2559, 0, 1.311e+006, 1.491e+006
1, 1, 22, 11, 0, NA, NA, 1910, 2559, 0, 3.203e+005, 5.156e+005
1, 1, 23, 11, 0, NA, NA, 1910, 2559, 0, 2.223e+005, 1.568e+005
1, 1, 24, 11, 0, NA, NA, 1910, 2559, 0, 1.226e+005, 1.235e+005
1, 1, 25, 11, 0, NA, NA, 1910, 2559, 0, 1.718e+005, 1.311e+005
1, 1, 26, 11, 0, NA, NA, 1910, 2559, 0, 6.684e+004, 9.261e+004
1, 1, 27, 11, 0, NA, NA, 1910, 2559, 0, 8.797e+004, 9.448e+004
1, 1, 28, 11, 0, NA, NA, 1910, 2559, 0, 4.036e+005, 7.112e+004
1, 1, 29, 11, 0, NA, NA, 1910, 2559, 0, 4.733e+005, 2.962e+004
1, 1, 30, 11, 0, NA, NA, 1910, 2559, 0, 3.082e+005, 1.380e+004
1, 1, 31, 11, 0, NA, NA, 1910, 2559, 0, 2.995e+005, 4.761e+004
1, 1, 32, 11, 0, NA, NA, 1910, 2559, 0, 2.247e+005, 1.829e+003
1, 1, 33, 11, 0, NA, NA, 1910, 2559, 0, 3.055e+005, 2.031e+003
1, 1, 34, 11, 0, NA, NA, 1910, 2559, 0, 1.723e+005, 4.847e+003
1, 1, 35, 11, 0, NA, NA, 1910, 2559, 0, 1.690e+005, 4.600e+002
1, 1, 36, 11, 0, NA, NA, 1910, 2559, 0, 7.381e+004, 1.590e+002
1, 1, 1, 12, 0, NA, NA, 1910, 2559, 0, 2.563e+003, 1.872e+003
1, 1, 2, 12, 0, NA, NA, 1910, 2559, 0, 3.584e+004, 5.377e+003
1, 1, 3, 12, 0, NA, NA, 1910, 2559, 0, 1.169e+004, 4.987e+003
1, 1, 4, 12, 0, NA, NA, 1910, 2559, 0, 6.249e+004, 1.046e+005
1, 1, 5, 12, 0, NA, NA, 1910, 2559, 0, 4.020e+003, 8.703e+003
1, 1, 6, 12, 0, NA, NA, 1910, 2559, 0, 1.426e+004, 5.840e+003
1, 1, 7, 12, 0, NA, NA, 1910, 2559, 0, 9.326e+003, 1.213e+004
1, 1, 8, 12, 0, NA, NA, 1910, 2559, 0, 6.885e+003, 9.184e+003
1, 1, 9, 12, 0, NA, NA, 1910, 2559, 0, 6.460e+002, 4.357e+003
1, 1, 10, 12, 0, NA, NA, 1910, 2559, 0, 3.054e+003, 2.239e+003
1, 1, 11, 12, 0, NA, NA, 1910, 2559, 0, 3.024e+003, 7.258e+004
1, 1, 12, 12, 0, NA, NA, 1910, 2559, 0, 1.105e+004, 6.735e+003
1, 1, 13, 12, 0, NA, NA, 1910, 2559, 0, 2.870e+003, 3.513e+005
1, 1, 14, 12, 0, NA, NA, 1910, 2559, 0, 8.467e+004, 1.291e+005
1, 1, 15, 12, 0, NA, NA, 1910, 2559, 0, 2.704e+005, 4.237e+005
1, 1, 16, 12, 0, NA, NA, 1910, 2559, 0, 3.898e+005, 4.904e+005
1, 1, 17, 12, 0, NA, NA, 1910, 2559, 0, 5.629e+005, 8.166e+005
1, 1, 18, 12, 0, NA, NA, 1910, 2559, 0, 8.036e+005, 1.151e+006
1, 1, 19, 12, 0, NA, NA, 1910, 2559, 0, 5.295e+005, 8.217e+005
1, 1, 20, 12, 0, NA, NA, 1910, 2559, 0, 9.571e+005, 1.121e+006
1, 1, 21, 12, 0, NA, NA, 1910, 2559, 0, 6.919e+005, 1.247e+006
1, 1, 22, 12, 0, NA, NA, 1910, 2559, 0, 6.032e+005, 7.088e+005
1, 1, 23, 12, 0, NA, NA, 1910, 2559, 0, 1.371e+005, 2.074e+005
1, 1, 24, 12, 0, NA, NA, 1910, 2559, 0, 1.510e+005, 1.945e+005
1, 1, 25, 12, 0, NA, NA, 1910, 2559, 0, 1.363e+005, 1.942e+005
1, 1, 26, 12, 0, NA, NA, 1910, 2559, 0, 6.205e+004, 1.130e+005
1, 1, 27, 12, 0, NA, NA, 1910, 2559, 0, 3.089e+004, 6.909e+004
1, 1, 28, 12, 0, NA, NA, 1910, 2559, 0, 3.222e+004, 3.004e+004
1, 1, 29, 12, 0, NA, NA, 1910, 2559, 0, 1.950e+004, 1.043e+004
1, 1, 30, 12, 0, NA, NA, 1910, 2559, 0, 1.083e+004, 5.668e+003
1, 1, 31, 12, 0, NA, NA, 1910, 2559, 0, 3.688e+004, 2.982e+003
1, 1, 32, 12, 0, NA, NA, 1910, 2559, 0, 1.437e+004, 5.508e+003
1, 1, 33, 12, 0, NA, NA, 1910, 2559, 0, 2.555e+003, 4.115e+003
1, 1, 34, 12, 0, NA, NA, 1910, 2559, 0, 1.004e+004, 0.000e+000
1, 1, 35, 12, 0, NA, NA, 1910, 2559, 0, 1.051e+003, 0.000e+000
1, 1, 36, 12, 0, NA, NA, 1910, 2559, 0, 1.300e+002, 2.700e+001
1, 1, 1, 13, 0, NA, NA, 1910, 2559, 0, 2.066e+004, 2.484e+004
1, 1, 2, 13, 0, NA, NA, 1910, 2559, 0, 3.883e+004, 3.373e+004
1, 1, 3, 13, 0, NA, NA, 1910, 2559, 0, 4.921e+004, 5.020e+004
1, 1, 4, 13, 0, NA, NA, 1910, 2559, 0, 3.058e+004, 4.524e+004
1, 1, 5, 13, 0, NA, NA, 1910, 2559, 0, 2.277e+004, 3.138e+004
1, 1, 6, 13, 0, NA, NA, 1910, 2559, 0, 3.732e+004, 3.792e+004
1, 1, 7, 13, 0, NA, NA, 1910, 2559, 0, 1.970e+004, 4.347e+004
1, 1, 8, 13, 0, NA, NA, 1910, 2559, 0, 2.015e+004, 2.756e+004
1, 1, 9, 13, 0, NA, NA, 1910, 2559, 0, 1.328e+004, 5.528e+004
1, 1, 10, 13, 0, NA, NA, 1910, 2559, 0, 1.433e+005, 5.087e+003
1, 1, 11, 13, 0, NA, NA, 1910, 2559, 0, 9.791e+004, 1.772e+004
1, 1, 12, 13, 0, NA, NA, 1910, 2559, 0, 8.958e+004, 1.626e+004
1, 1, 13, 13, 0, NA, NA, 1910, 2559, 0, 3.094e+005, 1.861e+005
1, 1, 14, 13, 0, NA, NA, 1910, 2559, 0, 1.059e+006, 3.656e+005
1, 1, 15, 13, 0, NA, NA, 1910, 2559, 0, 9.309e+005, 2.875e+005
1, 1, 16, 13, 0, NA, NA, 1910, 2559, 0, 8.069e+005, 2.638e+005
1, 1, 17, 13, 0, NA, NA, 1910, 2559, 0, 1.773e+006, 8.286e+005
1, 1, 18, 13, 0, NA, NA, 1910, 2559, 0, 1.785e+006, 7.642e+005
1, 1, 19, 13, 0, NA, NA, 1910, 2559, 0, 2.965e+006, 5.892e+005
1, 1, 20, 13, 0, NA, NA, 1910, 2559, 0, 3.930e+006, 1.349e+006
1, 1, 21, 13, 0, NA, NA, 1910, 2559, 0, 4.234e+006, 1.363e+006
1, 1, 22, 13, 0, NA, NA, 1910, 2559, 0, 3.587e+006, 9.385e+005
1, 1, 23, 13, 0, NA, NA, 1910, 2559, 0, 2.569e+006, 5.368e+005
1, 1, 24, 13, 0, NA, NA, 1910, 2559, 0, 1.378e+006, 2.023e+005
1, 1, 25, 13, 0, NA, NA, 1910, 2559, 0, 1.032e+006, 2.120e+005
1, 1, 26, 13, 0, NA, NA, 1910, 2559, 0, 1.029e+006, 1.191e+005
1, 1, 27, 13, 0, NA, NA, 1910, 2559, 0, 1.002e+006, 5.009e+004
1, 1, 28, 13, 0, NA, NA, 1910, 2559, 0, 1.856e+006, 2.282e+004
1, 1, 29, 13, 0, NA, NA, 1910, 2559, 0, 1.863e+006, 8.075e+003
1, 1, 30, 13, 0, NA, NA, 1910, 2559, 0, 1.853e+006, 1.609e+004
1, 1, 31, 13, 0, NA, NA, 1910, 2559, 0, 1.936e+006, 4.380e+003
1, 1, 32, 13, 0, NA, NA, 1910, 2559, 0, 1.698e+006, 5.312e+003
1, 1, 33, 13, 0, NA, NA, 1910, 2559, 0, 1.754e+006, 1.111e+003
1, 1, 34, 13, 0, NA, NA, 1910, 2559, 0, 1.564e+006, 1.936e+004
1, 1, 35, 13, 0, NA, NA, 1910, 2559, 0, 1.557e+006, 1.694e+003
1, 1, 36, 13, 0, NA, NA, 1910, 2559, 0, 1.469e+006, 1.198e+003
1, 1, 1, 14, 0, NA, NA, 1910, 2559, 0, 9.305e+004, 1.477e+005
1, 1, 2, 14, 0, NA, NA, 1910, 2559, 0, 8.850e+004, 9.153e+004
1, 1, 3, 14, 0, NA, NA, 1910, 2559, 0, 1.041e+005, 1.423e+005
1, 1, 4, 14, 0, NA, NA, 1910, 2559, 0, 7.539e+004, 1.618e+005
1, 1, 5, 14, 0, NA, NA, 1910, 2559, 0, 7.559e+004, 8.168e+004
1, 1, 6, 14, 0, NA, NA, 1910, 2559, 0, 6.966e+004, 8.193e+004
1, 1, 7, 14, 0, NA, NA, 1910, 2559, 0, 5.574e+004, 1.022e+005
1, 1, 8, 14, 0, NA, NA, 1910, 2559, 0, 3.040e+004, 4.017e+004
1, 1, 9, 14, 0, NA, NA, 1910, 2559, 0, 1.288e+004, 1.768e+004
1, 1, 10, 14, 0, NA, NA, 1910, 2559, 0, 1.136e+004, 2.127e+004
1, 1, 11, 14, 0, NA, NA, 1910, 2559, 0, 9.069e+003, 1.312e+004
1, 1, 12, 14, 0, NA, NA, 1910, 2559, 0, 1.247e+004, 1.435e+004
1, 1, 13, 14, 0, NA, NA, 1910, 2559, 0, 2.326e+005, 2.696e+005
1, 1, 14, 14, 0, NA, NA, 1910, 2559, 0, 7.638e+005, 7.419e+005
1, 1, 15, 14, 0, NA, NA, 1910, 2559, 0, 6.054e+005, 6.830e+005
1, 1, 16, 14, 0, NA, NA, 1910, 2559, 0, 5.097e+005, 6.112e+005
1, 1, 17, 14, 0, NA, NA, 1910, 2559, 0, 6.180e+005, 7.998e+005
1, 1, 18, 14, 0, NA, NA, 1910, 2559, 0, 3.093e+005, 4.972e+005
1, 1, 19, 14, 0, NA, NA, 1910, 2559, 0, 1.293e+006, 6.025e+005
1, 1, 20, 14, 0, NA, NA, 1910, 2559, 0, 1.719e+006, 1.091e+006
1, 1, 21, 14, 0, NA, NA, 1910, 2559, 0, 2.147e+006, 1.343e+006
1, 1, 22, 14, 0, NA, NA, 1910, 2559, 0, 2.299e+006, 1.122e+006
1, 1, 23, 14, 0, NA, NA, 1910, 2559, 0, 1.811e+006, 1.003e+006
1, 1, 24, 14, 0, NA, NA, 1910, 2559, 0, 5.156e+005, 2.170e+005
1, 1, 25, 14, 0, NA, NA, 1910, 2559, 0, 3.457e+005, 1.127e+005
1, 1, 26, 14, 0, NA, NA, 1910, 2559, 0, 3.180e+005, 8.762e+004
1, 1, 27, 14, 0, NA, NA, 1910, 2559, 0, 2.644e+005, 6.300e+004
1, 1, 28, 14, 0, NA, NA, 1910, 2559, 0, 7.693e+005, 2.840e+004
1, 1, 29, 14, 0, NA, NA, 1910, 2559, 0, 6.594e+005, 7.429e+003
1, 1, 30, 14, 0, NA, NA, 1910, 2559, 0, 6.422e+005, 8.618e+003
1, 1, 31, 14, 0, NA, NA, 1910, 2559, 0, 6.775e+005, 6.163e+003
1, 1, 32, 14, 0, NA, NA, 1910, 2559, 0, 6.461e+005, 1.205e+003
1, 1, 33, 14, 0, NA, NA, 1910, 2559, 0, 6.119e+005, 1.943e+003
1, 1, 34, 14, 0, NA, NA, 1910, 2559, 0, 6.160e+005, 1.239e+003
1, 1, 35, 14, 0, NA, NA, 1910, 2559, 0, 5.402e+005, 5.410e+002
1, 1, 36, 14, 0, NA, NA, 1910, 2559, 0, 5.160e+005, 1.923e+003
1, 1, 1, 15, 0, NA, NA, 1910, 2559, 0, 2.931e+005, 3.717e+005
1, 1, 2, 15, 0, NA, NA, 1910, 2559, 0, 2.189e+005, 2.210e+005
1, 1, 3, 15, 0, NA, NA, 1910, 2559, 0, 3.863e+005, 2.910e+005
1, 1, 4, 15, 0, NA, NA, 1910, 2559, 0, 2.148e+005, 3.405e+005
1, 1, 5, 15, 0, NA, NA, 1910, 2559, 0, 1.344e+005, 2.101e+005
1, 1, 6, 15, 0, NA, NA, 1910, 2559, 0, 1.031e+005, 1.217e+005
1, 1, 7, 15, 0, NA, NA, 1910, 2559, 0, 5.116e+004, 1.203e+005
1, 1, 8, 15, 0, NA, NA, 1910, 2559, 0, 2.927e+004, 8.590e+004
1, 1, 9, 15, 0, NA, NA, 1910, 2559, 0, 2.467e+004, 3.413e+004
1, 1, 10, 15, 0, NA, NA, 1910, 2559, 0, 1.646e+004, 1.977e+004
1, 1, 11, 15, 0, NA, NA, 1910, 2559, 0, 1.548e+004, 2.376e+004
1, 1, 12, 15, 0, NA, NA, 1910, 2559, 0, 2.629e+004, 7.949e+004
1, 1, 13, 15, 0, NA, NA, 1910, 2559, 0, 2.807e+004, 1.184e+005
1, 1, 14, 15, 0, NA, NA, 1910, 2559, 0, 4.036e+005, 6.616e+005
1, 1, 15, 15, 0, NA, NA, 1910, 2559, 0, 4.676e+005, 8.261e+005
1, 1, 16, 15, 0, NA, NA, 1910, 2559, 0, 2.656e+005, 6.022e+005
1, 1, 17, 15, 0, NA, NA, 1910, 2559, 0, 4.277e+005, 5.695e+005
1, 1, 18, 15, 0, NA, NA, 1910, 2559, 0, 2.933e+005, 4.212e+005
1, 1, 19, 15, 0, NA, NA, 1910, 2559, 0, 2.475e+005, 3.907e+005
1, 1, 20, 15, 0, NA, NA, 1910, 2559, 0, 6.920e+005, 8.359e+005
1, 1, 21, 15, 0, NA, NA, 1910, 2559, 0, 9.188e+005, 1.003e+006
1, 1, 22, 15, 0, NA, NA, 1910, 2559, 0, 6.409e+005, 7.234e+005
1, 1, 23, 15, 0, NA, NA, 1910, 2559, 0, 6.735e+005, 7.300e+005
1, 1, 24, 15, 0, NA, NA, 1910, 2559, 0, 1.273e+005, 2.348e+005
1, 1, 25, 15, 0, NA, NA, 1910, 2559, 0, 7.764e+004, 6.852e+004
1, 1, 26, 15, 0, NA, NA, 1910, 2559, 0, 5.571e+004, 5.507e+004
1, 1, 27, 15, 0, NA, NA, 1910, 2559, 0, 2.510e+004, 2.975e+004
1, 1, 28, 15, 0, NA, NA, 1910, 2559, 0, 6.649e+004, 1.277e+004
1, 1, 29, 15, 0, NA, NA, 1910, 2559, 0, 4.449e+004, 1.508e+004
1, 1, 30, 15, 0, NA, NA, 1910, 2559, 0, 3.439e+004, 6.104e+003
1, 1, 31, 15, 0, NA, NA, 1910, 2559, 0, 6.335e+004, 3.445e+003
1, 1, 32, 15, 0, NA, NA, 1910, 2559, 0, 5.329e+004, 3.313e+003
1, 1, 33, 15, 0, NA, NA, 1910, 2559, 0, 4.092e+004, 2.397e+003
1, 1, 34, 15, 0, NA, NA, 1910, 2559, 0, 3.206e+004, 1.841e+003
1, 1, 35, 15, 0, NA, NA, 1910, 2559, 0, 1.846e+004, 2.152e+003
1, 1, 36, 15, 0, NA, NA, 1910, 2559, 0, 2.369e+004, 9.230e+002
1, 1, 1, 16, 0, NA, NA, 1910, 2559, 0, 3.683e+005, 5.724e+005
1, 1, 2, 16, 0, NA, NA, 1910, 2559, 0, 3.260e+005, 5.306e+005
1, 1, 3, 16, 0, NA, NA, 1910, 2559, 0, 3.404e+005, 4.996e+005
1, 1, 4, 16, 0, NA, NA, 1910, 2559, 0, 3.653e+005, 5.053e+005
1, 1, 5, 16, 0, NA, NA, 1910, 2559, 0, 3.026e+005, 4.390e+005
1, 1, 6, 16, 0, NA, NA, 1910, 2559, 0, 2.420e+005, 2.530e+005
1, 1, 7, 16, 0, NA, NA, 1910, 2559, 0, 1.795e+005, 2.359e+005
1, 1, 8, 16, 0, NA, NA, 1910, 2559, 0, 1.002e+005, 1.247e+005
1, 1, 9, 16, 0, NA, NA, 1910, 2559, 0, 1.005e+005, 9.644e+004
1, 1, 10, 16, 0, NA, NA, 1910, 2559, 0, 6.864e+004, 6.742e+004
1, 1, 11, 16, 0, NA, NA, 1910, 2559, 0, 4.597e+004, 5.074e+004
1, 1, 12, 16, 0, NA, NA, 1910, 2559, 0, 6.981e+004, 6.845e+004
1, 1, 13, 16, 0, NA, NA, 1910, 2559, 0, 3.609e+005, 2.748e+005
1, 1, 14, 16, 0, NA, NA, 1910, 2559, 0, 7.736e+005, 4.755e+005
1, 1, 15, 16, 0, NA, NA, 1910, 2559, 0, 7.754e+005, 6.226e+005
1, 1, 16, 16, 0, NA, NA, 1910, 2559, 0, 8.104e+005, 6.354e+005
1, 1, 17, 16, 0, NA, NA, 1910, 2559, 0, 4.593e+005, 2.595e+005
1, 1, 18, 16, 0, NA, NA, 1910, 2559, 0, 3.361e+005, 2.436e+005
1, 1, 19, 16, 0, NA, NA, 1910, 2559, 0, 1.630e+006, 5.738e+005
1, 1, 20, 16, 0, NA, NA, 1910, 2559, 0, 1.554e+006, 5.292e+005
1, 1, 21, 16, 0, NA, NA, 1910, 2559, 0, 2.665e+006, 1.026e+006
1, 1, 22, 16, 0, NA, NA, 1910, 2559, 0, 2.472e+006, 1.079e+006
1, 1, 23, 16, 0, NA, NA, 1910, 2559, 0, 2.059e+006, 7.862e+005
1, 1, 24, 16, 0, NA, NA, 1910, 2559, 0, 6.728e+005, 2.308e+005
1, 1, 25, 16, 0, NA, NA, 1910, 2559, 0, 6.039e+005, 5.196e+004
1, 1, 26, 16, 0, NA, NA, 1910, 2559, 0, 3.968e+005, 3.415e+004
1, 1, 27, 16, 0, NA, NA, 1910, 2559, 0, 4.816e+005, 5.014e+004
1, 1, 28, 16, 0, NA, NA, 1910, 2559, 0, 1.780e+006, 2.042e+004
1, 1, 29, 16, 0, NA, NA, 1910, 2559, 0, 1.883e+006, 2.031e+004
1, 1, 30, 16, 0, NA, NA, 1910, 2559, 0, 2.098e+006, 1.769e+004
1, 1, 31, 16, 0, NA, NA, 1910, 2559, 0, 1.990e+006, 1.228e+004
1, 1, 32, 16, 0, NA, NA, 1910, 2559, 0, 2.008e+006, 9.791e+003
1, 1, 33, 16, 0, NA, NA, 1910, 2559, 0, 1.983e+006, 6.357e+003
1, 1, 34, 16, 0, NA, NA, 1910, 2559, 0, 1.823e+006, 8.123e+003
1, 1, 35, 16, 0, NA, NA, 1910, 2559, 0, 1.772e+006, 3.813e+003
1, 1, 36, 16, 0, NA, NA, 1910, 2559, 0, 2.043e+006, 6.721e+003
1, 1, 1, 17, 0, NA, NA, 1910, 2559, 0, 3.385e+005, 5.770e+005
1, 1, 2, 17, 0, NA, NA, 1910, 2559, 0, 5.359e+005, 5.089e+005
1, 1, 3, 17, 0, NA, NA, 1910, 2559, 0, 4.851e+005, 6.618e+005
1, 1, 4, 17, 0, NA, NA, 1910, 2559, 0, 3.890e+005, 5.580e+005
1, 1, 5, 17, 0, NA, NA, 1910, 2559, 0, 3.169e+005, 3.987e+005
1, 1, 6, 17, 0, NA, NA, 1910, 2559, 0, 2.367e+005, 4.337e+005
1, 1, 7, 17, 0, NA, NA, 1910, 2559, 0, 2.251e+005, 2.946e+005
1, 1, 8, 17, 0, NA, NA, 1910, 2559, 0, 9.818e+004, 1.427e+005
1, 1, 9, 17, 0, NA, NA, 1910, 2559, 0, 5.393e+004, 8.683e+004
1, 1, 10, 17, 0, NA, NA, 1910, 2559, 0, 6.059e+004, 1.037e+005
1, 1, 11, 17, 0, NA, NA, 1910, 2559, 0, 5.681e+004, 1.053e+005
1, 1, 12, 17, 0, NA, NA, 1910, 2559, 0, 4.792e+004, 1.154e+005
1, 1, 13, 17, 0, NA, NA, 1910, 2559, 0, 4.828e+005, 5.186e+005
1, 1, 14, 17, 0, NA, NA, 1910, 2559, 0, 2.006e+005, 4.598e+005
1, 1, 15, 17, 0, NA, NA, 1910, 2559, 0, 2.123e+005, 3.784e+005
1, 1, 16, 17, 0, NA, NA, 1910, 2559, 0, 3.511e+005, 6.586e+005
1, 1, 17, 17, 0, NA, NA, 1910, 2559, 0, 1.062e+005, 2.007e+005
1, 1, 18, 17, 0, NA, NA, 1910, 2559, 0, 1.892e+005, 1.679e+005
1, 1, 19, 17, 0, NA, NA, 1910, 2559, 0, 4.292e+005, 3.509e+005
1, 1, 20, 17, 0, NA, NA, 1910, 2559, 0, 8.319e+005, 4.652e+005
1, 1, 21, 17, 0, NA, NA, 1910, 2559, 0, 1.296e+006, 8.922e+005
1, 1, 22, 17, 0, NA, NA, 1910, 2559, 0, 1.196e+006, 8.079e+005
1, 1, 23, 17, 0, NA, NA, 1910, 2559, 0, 8.342e+005, 6.148e+005
1, 1, 24, 17, 0, NA, NA, 1910, 2559, 0, 1.268e+005, 1.106e+005
1, 1, 25, 17, 0, NA, NA, 1910, 2559, 0, 1.116e+005, 5.905e+004
1, 1, 26, 17, 0, NA, NA, 1910, 2559, 0, 9.136e+004, 3.572e+004
1, 1, 27, 17, 0, NA, NA, 1910, 2559, 0, 3.349e+004, 3.185e+004
1, 1, 28, 17, 0, NA, NA, 1910, 2559, 0, 1.174e+006, 1.463e+004
1, 1, 29, 17, 0, NA, NA, 1910, 2559, 0, 1.179e+006, 2.467e+004
1, 1, 30, 17, 0, NA, NA, 1910, 2559, 0, 1.215e+006, 2.246e+004
1, 1, 31, 17, 0, NA, NA, 1910, 2559, 0, 1.193e+006, 1.004e+004
1, 1, 32, 17, 0, NA, NA, 1910, 2559, 0, 1.178e+006, 1.883e+004
1, 1, 33, 17, 0, NA, NA, 1910, 2559, 0, 9.040e+005, 4.621e+003
1, 1, 34, 17, 0, NA, NA, 1910, 2559, 0, 9.435e+005, 4.354e+003
1, 1, 35, 17, 0, NA, NA, 1910, 2559, 0, 1.026e+006, 7.336e+003
1, 1, 36, 17, 0, NA, NA, 1910, 2559, 0, 1.020e+006, 9.220e+002
1, 1, 1, 18, 0, NA, NA, 1910, 2559, 0, 6.448e+005, 1.042e+006
1, 1, 2, 18, 0, NA, NA, 1910, 2559, 0, 6.383e+005, 8.616e+005
1, 1, 3, 18, 0, NA, NA, 1910, 2559, 0, 6.396e+005, 7.502e+005
1, 1, 4, 18, 0, NA, NA, 1910, 2559, 0, 3.882e+005, 6.398e+005
1, 1, 5, 18, 0, NA, NA, 1910, 2559, 0, 4.134e+005, 6.246e+005
1, 1, 6, 18, 0, NA, NA, 1910, 2559, 0, 3.684e+005, 4.281e+005
1, 1, 7, 18, 0, NA, NA, 1910, 2559, 0, 2.436e+005, 3.437e+005
1, 1, 8, 18, 0, NA, NA, 1910, 2559, 0, 1.373e+005, 2.166e+005
1, 1, 9, 18, 0, NA, NA, 1910, 2559, 0, 6.461e+004, 1.250e+005
1, 1, 10, 18, 0, NA, NA, 1910, 2559, 0, 6.327e+004, 1.368e+005
1, 1, 11, 18, 0, NA, NA, 1910, 2559, 0, 7.374e+004, 8.130e+004
1, 1, 12, 18, 0, NA, NA, 1910, 2559, 0, 9.447e+004, 2.218e+005
1, 1, 13, 18, 0, NA, NA, 1910, 2559, 0, 5.814e+005, 7.256e+005
1, 1, 14, 18, 0, NA, NA, 1910, 2559, 0, 3.498e+005, 6.796e+005
1, 1, 15, 18, 0, NA, NA, 1910, 2559, 0, 3.464e+005, 6.490e+005
1, 1, 16, 18, 0, NA, NA, 1910, 2559, 0, 4.232e+005, 8.357e+005
1, 1, 17, 18, 0, NA, NA, 1910, 2559, 0, 2.909e+005, 3.847e+005
1, 1, 18, 18, 0, NA, NA, 1910, 2559, 0, 8.241e+004, 1.911e+005
1, 1, 19, 18, 0, NA, NA, 1910, 2559, 0, 1.916e+005, 2.546e+005
1, 1, 20, 18, 0, NA, NA, 1910, 2559, 0, 6.268e+005, 6.602e+005
1, 1, 21, 18, 0, NA, NA, 1910, 2559, 0, 7.597e+005, 1.162e+006
1, 1, 22, 18, 0, NA, NA, 1910, 2559, 0, 9.233e+005, 9.094e+005
1, 1, 23, 18, 0, NA, NA, 1910, 2559, 0, 3.664e+005, 5.080e+005
1, 1, 24, 18, 0, NA, NA, 1910, 2559, 0, 4.765e+004, 1.265e+005
1, 1, 25, 18, 0, NA, NA, 1910, 2559, 0, 2.760e+004, 4.177e+004
1, 1, 26, 18, 0, NA, NA, 1910, 2559, 0, 3.250e+004, 4.327e+004
1, 1, 27, 18, 0, NA, NA, 1910, 2559, 0, 2.487e+004, 3.990e+004
1, 1, 28, 18, 0, NA, NA, 1910, 2559, 0, 2.535e+005, 2.836e+004
1, 1, 29, 18, 0, NA, NA, 1910, 2559, 0, 1.949e+005, 1.517e+004
1, 1, 30, 18, 0, NA, NA, 1910, 2559, 0, 2.028e+005, 2.717e+004
1, 1, 31, 18, 0, NA, NA, 1910, 2559, 0, 4.361e+005, 1.069e+004
1, 1, 32, 18, 0, NA, NA, 1910, 2559, 0, 3.253e+005, 1.082e+004
1, 1, 33, 18, 0, NA, NA, 1910, 2559, 0, 1.738e+005, 3.475e+003
1, 1, 34, 18, 0, NA, NA, 1910, 2559, 0, 2.856e+005, 3.598e+003
1, 1, 35, 18, 0, NA, NA, 1910, 2559, 0, 2.143e+005, 2.450e+003
1, 1, 36, 18, 0, NA, NA, 1910, 2559, 0, 1.966e+005, 2.020e+002
1, 1, 1, 19, 0, NA, NA, 1910, 2559, 0, 1.126e+006, 1.360e+006
1, 1, 2, 19, 0, NA, NA, 1910, 2559, 0, 7.204e+005, 9.492e+005
1, 1, 3, 19, 0, NA, NA, 1910, 2559, 0, 8.684e+005, 1.032e+006
1, 1, 4, 19, 0, NA, NA, 1910, 2559, 0, 8.167e+005, 9.220e+005
1, 1, 5, 19, 0, NA, NA, 1910, 2559, 0, 6.296e+005, 7.683e+005
1, 1, 6, 19, 0, NA, NA, 1910, 2559, 0, 4.190e+005, 6.131e+005
1, 1, 7, 19, 0, NA, NA, 1910, 2559, 0, 3.282e+005, 5.557e+005
1, 1, 8, 19, 0, NA, NA, 1910, 2559, 0, 1.876e+005, 2.868e+005
1, 1, 9, 19, 0, NA, NA, 1910, 2559, 0, 9.898e+004, 1.758e+005
1, 1, 10, 19, 0, NA, NA, 1910, 2559, 0, 6.377e+005, 1.170e+005
1, 1, 11, 19, 0, NA, NA, 1910, 2559, 0, 7.293e+005, 1.113e+005
1, 1, 12, 19, 0, NA, NA, 1910, 2559, 0, 1.520e+006, 3.812e+005
1, 1, 13, 19, 0, NA, NA, 1910, 2559, 0, 3.157e+006, 1.006e+006
1, 1, 14, 19, 0, NA, NA, 1910, 2559, 0, 3.630e+006, 1.196e+006
1, 1, 15, 19, 0, NA, NA, 1910, 2559, 0, 3.302e+006, 1.064e+006
1, 1, 16, 19, 0, NA, NA, 1910, 2559, 0, 2.724e+006, 1.084e+006
1, 1, 17, 19, 0, NA, NA, 1910, 2559, 0, 2.495e+006, 7.906e+005
1, 1, 18, 19, 0, NA, NA, 1910, 2559, 0, 2.054e+006, 4.854e+005
1, 1, 19, 19, 0, NA, NA, 1910, 2559, 0, 1.182e+007, 7.547e+005
1, 1, 20, 19, 0, NA, NA, 1910, 2559, 0, 1.305e+007, 1.271e+006
1, 1, 21, 19, 0, NA, NA, 1910, 2559, 0, 1.605e+007, 1.763e+006
1, 1, 22, 19, 0, NA, NA, 1910, 2559, 0, 1.646e+007, 1.630e+006
1, 1, 23, 19, 0, NA, NA, 1910, 2559, 0, 1.525e+007, 9.909e+005
1, 1, 24, 19, 0, NA, NA, 1910, 2559, 0, 1.054e+007, 2.168e+005
1, 1, 25, 19, 0, NA, NA, 1910, 2559, 0, 9.692e+006, 1.325e+005
1, 1, 26, 19, 0, NA, NA, 1910, 2559, 0, 9.242e+006, 9.859e+004
1, 1, 27, 19, 0, NA, NA, 1910, 2559, 0, 9.208e+006, 9.712e+004
1, 1, 28, 19, 0, NA, NA, 1910, 2559, 0, 3.640e+006, 6.016e+004
1, 1, 29, 19, 0, NA, NA, 1910, 2559, 0, 3.850e+006, 3.089e+004
1, 1, 30, 19, 0, NA, NA, 1910, 2559, 0, 3.913e+006, 5.823e+004
1, 1, 31, 19, 0, NA, NA, 1910, 2559, 0, 3.787e+006, 2.261e+004
1, 1, 32, 19, 0, NA, NA, 1910, 2559, 0, 3.341e+006, 1.505e+004
1, 1, 33, 19, 0, NA, NA, 1910, 2559, 0, 3.294e+006, 8.232e+003
1, 1, 34, 19, 0, NA, NA, 1910, 2559, 0, 3.971e+006, 2.706e+004
1, 1, 35, 19, 0, NA, NA, 1910, 2559, 0, 3.928e+006, 5.813e+004
1, 1, 36, 19, 0, NA, NA, 1910, 2559, 0, 3.915e+006, 2.541e+004
1, 1, 1, 20, 0, NA, NA, 1910, 2559, 0, 6.038e+005, 6.048e+005
1, 1, 2, 20, 0, NA, NA, 1910, 2559, 0, 6.226e+005, 7.874e+005
1, 1, 3, 20, 0, NA, NA, 1910, 2559, 0, 4.324e+005, 8.948e+005
1, 1, 4, 20, 0, NA, NA, 1910, 2559, 0, 5.039e+005, 9.609e+005
1, 1, 5, 20, 0, NA, NA, 1910, 2559, 0, 5.689e+005, 6.795e+005
1, 1, 6, 20, 0, NA, NA, 1910, 2559, 0, 4.094e+005, 6.151e+005
1, 1, 7, 20, 0, NA, NA, 1910, 2559, 0, 3.681e+005, 5.664e+005
1, 1, 8, 20, 0, NA, NA, 1910, 2559, 0, 2.496e+005, 3.043e+005
1, 1, 9, 20, 0, NA, NA, 1910, 2559, 0, 1.681e+005, 2.637e+005
1, 1, 10, 20, 0, NA, NA, 1910, 2559, 0, 2.429e+005, 1.822e+005
1, 1, 11, 20, 0, NA, NA, 1910, 2559, 0, 2.329e+005, 1.870e+005
1, 1, 12, 20, 0, NA, NA, 1910, 2559, 0, 4.044e+005, 4.722e+005
1, 1, 13, 20, 0, NA, NA, 1910, 2559, 0, 1.547e+006, 1.185e+006
1, 1, 14, 20, 0, NA, NA, 1910, 2559, 0, 2.072e+006, 2.016e+006
1, 1, 15, 20, 0, NA, NA, 1910, 2559, 0, 1.735e+006, 1.844e+006
1, 1, 16, 20, 0, NA, NA, 1910, 2559, 0, 1.275e+006, 1.109e+006
1, 1, 17, 20, 0, NA, NA, 1910, 2559, 0, 1.054e+006, 1.031e+006
1, 1, 18, 20, 0, NA, NA, 1910, 2559, 0, 1.186e+006, 1.225e+006
1, 1, 19, 20, 0, NA, NA, 1910, 2559, 0, 9.920e+006, 1.286e+006
1, 1, 20, 20, 0, NA, NA, 1910, 2559, 0, 1.060e+007, 1.916e+006
1, 1, 21, 20, 0, NA, NA, 1910, 2559, 0, 1.302e+007, 2.105e+006
1, 1, 22, 20, 0, NA, NA, 1910, 2559, 0, 1.272e+007, 1.862e+006
1, 1, 23, 20, 0, NA, NA, 1910, 2559, 0, 1.174e+007, 1.094e+006
1, 1, 24, 20, 0, NA, NA, 1910, 2559, 0, 6.830e+006, 3.542e+005
1, 1, 25, 20, 0, NA, NA, 1910, 2559, 0, 5.676e+006, 1.851e+005
1, 1, 26, 20, 0, NA, NA, 1910, 2559, 0, 5.559e+006, 1.527e+005
1, 1, 27, 20, 0, NA, NA, 1910, 2559, 0, 5.337e+006, 7.654e+004
1, 1, 28, 20, 0, NA, NA, 1910, 2559, 0, 2.181e+006, 5.704e+004
1, 1, 29, 20, 0, NA, NA, 1910, 2559, 0, 2.235e+006, 2.631e+004
1, 1, 30, 20, 0, NA, NA, 1910, 2559, 0, 2.288e+006, 2.538e+004
1, 1, 31, 20, 0, NA, NA, 1910, 2559, 0, 2.086e+006, 1.002e+004
1, 1, 32, 20, 0, NA, NA, 1910, 2559, 0, 2.090e+006, 2.796e+003
1, 1, 33, 20, 0, NA, NA, 1910, 2559, 0, 2.126e+006, 2.702e+003
1, 1, 34, 20, 0, NA, NA, 1910, 2559, 0, 2.111e+006, 1.137e+003
1, 1, 35, 20, 0, NA, NA, 1910, 2559, 0, 2.118e+006, 2.928e+003
1, 1, 36, 20, 0, NA, NA, 1910, 2559, 0, 2.101e+006, 6.564e+003
1, 1, 1, 21, 0, NA, NA, 1910, 2559, 0, 5.941e+005, 5.898e+005
1, 1, 2, 21, 0, NA, NA, 1910, 2559, 0, 5.190e+005, 6.624e+005
1, 1, 3, 21, 0, NA, NA, 1910, 2559, 0, 3.692e+005, 8.697e+005
1, 1, 4, 21, 0, NA, NA, 1910, 2559, 0, 5.034e+005, 6.989e+005
1, 1, 5, 21, 0, NA, NA, 1910, 2559, 0, 5.186e+005, 6.663e+005
1, 1, 6, 21, 0, NA, NA, 1910, 2559, 0, 4.232e+005, 6.493e+005
1, 1, 7, 21, 0, NA, NA, 1910, 2559, 0, 3.781e+005, 5.413e+005
1, 1, 8, 21, 0, NA, NA, 1910, 2559, 0, 2.731e+005, 4.121e+005
1, 1, 9, 21, 0, NA, NA, 1910, 2559, 0, 2.330e+005, 2.712e+005
1, 1, 10, 21, 0, NA, NA, 1910, 2559, 0, 1.575e+005, 2.473e+005
1, 1, 11, 21, 0, NA, NA, 1910, 2559, 0, 1.298e+005, 2.733e+005
1, 1, 12, 21, 0, NA, NA, 1910, 2559, 0, 1.971e+005, 3.614e+005
1, 1, 13, 21, 0, NA, NA, 1910, 2559, 0, 9.331e+005, 1.271e+006
1, 1, 14, 21, 0, NA, NA, 1910, 2559, 0, 1.526e+006, 1.696e+006
1, 1, 15, 21, 0, NA, NA, 1910, 2559, 0, 1.419e+006, 1.895e+006
1, 1, 16, 21, 0, NA, NA, 1910, 2559, 0, 1.388e+006, 1.617e+006
1, 1, 17, 21, 0, NA, NA, 1910, 2559, 0, 9.464e+005, 1.244e+006
1, 1, 18, 21, 0, NA, NA, 1910, 2559, 0, 5.790e+005, 9.638e+005
1, 1, 19, 21, 0, NA, NA, 1910, 2559, 0, 8.173e+006, 1.423e+006
1, 1, 20, 21, 0, NA, NA, 1910, 2559, 0, 9.359e+006, 1.928e+006
1, 1, 21, 21, 0, NA, NA, 1910, 2559, 0, 1.007e+007, 2.043e+006
1, 1, 22, 21, 0, NA, NA, 1910, 2559, 0, 8.640e+006, 1.872e+006
1, 1, 23, 21, 0, NA, NA, 1910, 2559, 0, 8.772e+006, 1.234e+006
1, 1, 24, 21, 0, NA, NA, 1910, 2559, 0, 4.249e+006, 2.331e+005
1, 1, 25, 21, 0, NA, NA, 1910, 2559, 0, 3.722e+006, 1.416e+005
1, 1, 26, 21, 0, NA, NA, 1910, 2559, 0, 3.723e+006, 1.059e+005
1, 1, 27, 21, 0, NA, NA, 1910, 2559, 0, 3.592e+006, 1.121e+005
1, 1, 28, 21, 0, NA, NA, 1910, 2559, 0, 1.165e+006, 3.117e+004
1, 1, 29, 21, 0, NA, NA, 1910, 2559, 0, 1.253e+006, 1.744e+004
1, 1, 30, 21, 0, NA, NA, 1910, 2559, 0, 1.215e+006, 1.650e+004
1, 1, 31, 21, 0, NA, NA, 1910, 2559, 0, 1.106e+006, 1.455e+004
1, 1, 32, 21, 0, NA, NA, 1910, 2559, 0, 1.007e+006, 7.895e+003
1, 1, 33, 21, 0, NA, NA, 1910, 2559, 0, 1.020e+006, 2.565e+003
1, 1, 34, 21, 0, NA, NA, 1910, 2559, 0, 9.742e+005, 3.107e+003
1, 1, 35, 21, 0, NA, NA, 1910, 2559, 0, 9.169e+005, 1.148e+004
1, 1, 36, 21, 0, NA, NA, 1910, 2559, 0, 1.024e+006, 1.488e+003
1, 1, 1, 22, 0, NA, NA, 1910, 2559, 0, 1.007e+005, 3.101e+005
1, 1, 2, 22, 0, NA, NA, 1910, 2559, 0, 2.331e+005, 4.461e+005
1, 1, 3, 22, 0, NA, NA, 1910, 2559, 0, 5.298e+005, 7.294e+005
1, 1, 4, 22, 0, NA, NA, 1910, 2559, 0, 5.564e+005, 8.014e+005
1, 1, 5, 22, 0, NA, NA, 1910, 2559, 0, 5.838e+005, 4.236e+005
1, 1, 6, 22, 0, NA, NA, 1910, 2559, 0, 5.443e+005, 6.283e+005
1, 1, 7, 22, 0, NA, NA, 1910, 2559, 0, 3.741e+005, 5.753e+005
1, 1, 8, 22, 0, NA, NA, 1910, 2559, 0, 3.364e+005, 3.998e+005
1, 1, 9, 22, 0, NA, NA, 1910, 2559, 0, 1.923e+005, 2.862e+005
1, 1, 10, 22, 0, NA, NA, 1910, 2559, 0, 4.916e+005, 4.158e+005
1, 1, 11, 22, 0, NA, NA, 1910, 2559, 0, 5.261e+005, 5.010e+005
1, 1, 12, 22, 0, NA, NA, 1910, 2559, 0, 4.802e+005, 5.166e+005
1, 1, 13, 22, 0, NA, NA, 1910, 2559, 0, 2.157e+006, 1.364e+006
1, 1, 14, 22, 0, NA, NA, 1910, 2559, 0, 2.921e+006, 2.055e+006
1, 1, 15, 22, 0, NA, NA, 1910, 2559, 0, 2.892e+006, 2.285e+006
1, 1, 16, 22, 0, NA, NA, 1910, 2559, 0, 2.372e+006, 1.900e+006
1, 1, 17, 22, 0, NA, NA, 1910, 2559, 0, 2.265e+006, 1.703e+006
1, 1, 18, 22, 0, NA, NA, 1910, 2559, 0, 1.947e+006, 1.369e+006
1, 1, 19, 22, 0, NA, NA, 1910, 2559, 0, 1.014e+007, 2.667e+006
1, 1, 20, 22, 0, NA, NA, 1910, 2559, 0, 1.077e+007, 3.271e+006
1, 1, 21, 22, 0, NA, NA, 1910, 2559, 0, 1.117e+007, 2.747e+006
1, 1, 22, 22, 0, NA, NA, 1910, 2559, 0, 1.206e+007, 2.283e+006
1, 1, 23, 22, 0, NA, NA, 1910, 2559, 0, 7.975e+006, 1.094e+006
1, 1, 24, 22, 0, NA, NA, 1910, 2559, 0, 6.858e+006, 5.154e+005
1, 1, 25, 22, 0, NA, NA, 1910, 2559, 0, 6.843e+006, 4.463e+005
1, 1, 26, 22, 0, NA, NA, 1910, 2559, 0, 6.629e+006, 4.376e+005
1, 1, 27, 22, 0, NA, NA, 1910, 2559, 0, 6.275e+006, 1.063e+005
1, 1, 28, 22, 0, NA, NA, 1910, 2559, 0, 2.302e+006, 4.766e+004
1, 1, 29, 22, 0, NA, NA, 1910, 2559, 0, 2.055e+006, 2.049e+004
1, 1, 30, 22, 0, NA, NA, 1910, 2559, 0, 2.508e+006, 1.887e+004
1, 1, 31, 22, 0, NA, NA, 1910, 2559, 0, 2.187e+006, 7.676e+003
1, 1, 32, 22, 0, NA, NA, 1910, 2559, 0, 2.493e+006, 3.813e+003
1, 1, 33, 22, 0, NA, NA, 1910, 2559, 0, 2.599e+006, 6.140e+003
1, 1, 34, 22, 0, NA, NA, 1910, 2559, 0, 2.394e+006, 1.685e+004
1, 1, 35, 22, 0, NA, NA, 1910, 2559, 0, 2.478e+006, 9.544e+003
1, 1, 36, 22, 0, NA, NA, 1910, 2559, 0, 2.419e+006, 5.005e+003
1, 1, 1, 23, 0, NA, NA, 1910, 2559, 0, 7.847e+003, 1.207e+005
1, 1, 2, 23, 0, NA, NA, 1910, 2559, 0, 3.386e+004, 1.473e+005
1, 1, 3, 23, 0, NA, NA, 1910, 2559, 0, 4.027e+005, 5.385e+005
1, 1, 4, 23, 0, NA, NA, 1910, 2559, 0, 5.720e+005, 7.377e+005
1, 1, 5, 23, 0, NA, NA, 1910, 2559, 0, 5.350e+005, 6.245e+005
1, 1, 6, 23, 0, NA, NA, 1910, 2559, 0, 4.327e+005, 5.628e+005
1, 1, 7, 23, 0, NA, NA, 1910, 2559, 0, 3.173e+005, 5.146e+005
1, 1, 8, 23, 0, NA, NA, 1910, 2559, 0, 2.978e+005, 4.460e+005
1, 1, 9, 23, 0, NA, NA, 1910, 2559, 0, 3.714e+005, 4.160e+005
1, 1, 10, 23, 0, NA, NA, 1910, 2559, 0, 3.150e+005, 4.234e+005
1, 1, 11, 23, 0, NA, NA, 1910, 2559, 0, 4.132e+005, 4.548e+005
1, 1, 12, 23, 0, NA, NA, 1910, 2559, 0, 4.261e+005, 6.481e+005
1, 1, 13, 23, 0, NA, NA, 1910, 2559, 0, 7.559e+005, 9.230e+005
1, 1, 14, 23, 0, NA, NA, 1910, 2559, 0, 1.640e+006, 1.401e+006
1, 1, 15, 23, 0, NA, NA, 1910, 2559, 0, 1.722e+006, 1.487e+006
1, 1, 16, 23, 0, NA, NA, 1910, 2559, 0, 1.528e+006, 1.579e+006
1, 1, 17, 23, 0, NA, NA, 1910, 2559, 0, 1.456e+006, 1.413e+006
1, 1, 18, 23, 0, NA, NA, 1910, 2559, 0, 1.646e+006, 1.682e+006
1, 1, 19, 23, 0, NA, NA, 1910, 2559, 0, 8.913e+006, 3.118e+006
1, 1, 20, 23, 0, NA, NA, 1910, 2559, 0, 8.631e+006, 3.232e+006
1, 1, 21, 23, 0, NA, NA, 1910, 2559, 0, 8.690e+006, 2.882e+006
1, 1, 22, 23, 0, NA, NA, 1910, 2559, 0, 6.897e+006, 2.120e+006
1, 1, 23, 23, 0, NA, NA, 1910, 2559, 0, 4.615e+006, 8.604e+005
1, 1, 24, 23, 0, NA, NA, 1910, 2559, 0, 3.957e+006, 6.324e+005
1, 1, 25, 23, 0, NA, NA, 1910, 2559, 0, 4.033e+006, 4.726e+005
1, 1, 26, 23, 0, NA, NA, 1910, 2559, 0, 4.038e+006, 3.525e+005
1, 1, 27, 23, 0, NA, NA, 1910, 2559, 0, 3.901e+006, 1.958e+005
1, 1, 28, 23, 0, NA, NA, 1910, 2559, 0, 1.594e+006, 3.968e+004
1, 1, 29, 23, 0, NA, NA, 1910, 2559, 0, 1.633e+006, 1.475e+004
1, 1, 30, 23, 0, NA, NA, 1910, 2559, 0, 1.193e+006, 1.208e+004
1, 1, 31, 23, 0, NA, NA, 1910, 2559, 0, 1.360e+006, 9.063e+003
1, 1, 32, 23, 0, NA, NA, 1910, 2559, 0, 1.382e+006, 1.286e+004
1, 1, 33, 23, 0, NA, NA, 1910, 2559, 0, 1.415e+006, 5.817e+004
1, 1, 34, 23, 0, NA, NA, 1910, 2559, 0, 1.327e+006, 1.138e+004
1, 1, 35, 23, 0, NA, NA, 1910, 2559, 0, 1.130e+006, 2.797e+003
1, 1, 36, 23, 0, NA, NA, 1910, 2559, 0, 1.196e+006, 9.740e+002
1, 1, 1, 24, 0, NA, NA, 1910, 2559, 0, 9.168e+003, 8.701e+003
1, 1, 2, 24, 0, NA, NA, 1910, 2559, 0, 2.869e+003, 2.579e+004
1, 1, 3, 24, 0, NA, NA, 1910, 2559, 0, 1.789e+005, 3.636e+005
1, 1, 4, 24, 0, NA, NA, 1910, 2559, 0, 7.012e+005, 8.659e+005
1, 1, 5, 24, 0, NA, NA, 1910, 2559, 0, 6.735e+005, 7.689e+005
1, 1, 6, 24, 0, NA, NA, 1910, 2559, 0, 5.006e+005, 9.382e+005
1, 1, 7, 24, 0, NA, NA, 1910, 2559, 0, 4.953e+005, 7.990e+005
1, 1, 8, 24, 0, NA, NA, 1910, 2559, 0, 4.599e+005, 6.536e+005
1, 1, 9, 24, 0, NA, NA, 1910, 2559, 0, 5.991e+005, 6.369e+005
1, 1, 10, 24, 0, NA, NA, 1910, 2559, 0, 4.234e+005, 5.929e+005
1, 1, 11, 24, 0, NA, NA, 1910, 2559, 0, 4.585e+005, 5.639e+005
1, 1, 12, 24, 0, NA, NA, 1910, 2559, 0, 4.621e+005, 6.488e+005
1, 1, 13, 24, 0, NA, NA, 1910, 2559, 0, 4.075e+005, 6.836e+005
1, 1, 14, 24, 0, NA, NA, 1910, 2559, 0, 6.217e+005, 9.632e+005
1, 1, 15, 24, 0, NA, NA, 1910, 2559, 0, 6.768e+005, 9.357e+005
1, 1, 16, 24, 0, NA, NA, 1910, 2559, 0, 9.003e+005, 1.104e+006
1, 1, 17, 24, 0, NA, NA, 1910, 2559, 0, 8.541e+005, 1.121e+006
1, 1, 18, 24, 0, NA, NA, 1910, 2559, 0, 7.496e+005, 1.182e+006
1, 1, 19, 24, 0, NA, NA, 1910, 2559, 0, 5.701e+006, 2.206e+006
1, 1, 20, 24, 0, NA, NA, 1910, 2559, 0, 4.833e+006, 2.200e+006
1, 1, 21, 24, 0, NA, NA, 1910, 2559, 0, 3.442e+006, 1.528e+006
1, 1, 22, 24, 0, NA, NA, 1910, 2559, 0, 2.960e+006, 1.084e+006
1, 1, 23, 24, 0, NA, NA, 1910, 2559, 0, 2.640e+006, 8.110e+005
1, 1, 24, 24, 0, NA, NA, 1910, 2559, 0, 1.868e+006, 6.715e+005
1, 1, 25, 24, 0, NA, NA, 1910, 2559, 0, 2.335e+006, 5.243e+005
1, 1, 26, 24, 0, NA, NA, 1910, 2559, 0, 1.553e+005, 2.890e+005
1, 1, 27, 24, 0, NA, NA, 1910, 2559, 0, 2.330e+006, 2.617e+005
1, 1, 28, 24, 0, NA, NA, 1910, 2559, 0, 6.498e+005, 1.123e+005
1, 1, 29, 24, 0, NA, NA, 1910, 2559, 0, 3.978e+005, 1.674e+004
1, 1, 30, 24, 0, NA, NA, 1910, 2559, 0, 4.407e+005, 1.847e+004
1, 1, 31, 24, 0, NA, NA, 1910, 2559, 0, 4.490e+005, 7.651e+003
1, 1, 32, 24, 0, NA, NA, 1910, 2559, 0, 3.733e+005, 7.059e+003
1, 1, 33, 24, 0, NA, NA, 1910, 2559, 0, 2.348e+005, 1.358e+004
1, 1, 34, 24, 0, NA, NA, 1910, 2559, 0, 4.717e+005, 1.885e+003
1, 1, 35, 24, 0, NA, NA, 1910, 2559, 0, 3.509e+005, 1.828e+003
1, 1, 36, 24, 0, NA, NA, 1910, 2559, 0, 4.598e+005, 8.830e+002

Quad X 0, Y 0, spots 864
layer 0, avg intensity 6.000e+002, avg bkg 1.194e+002, avg SNR 5.026
