Spot Integral Intensity File
Grid: 36 by 6, spot diameter 1.300, spot style round
XQN, YQN, XSN, YSN, Attr, UID, Descr, Data Area, Bkg Area, (N of Saturated Pixels, Spot Integral Intensity, Spot Background Integral Intensity) x M
1, 1, 1, 1, 0, NA, NA, 2760, 1187, 0, 1.095e+005, 0.000e+000
1, 1, 2, 1, 0, NA, NA, 2760, 1187, 0, 9.903e+004, 0.000e+000
1, 1, 3, 1, 0, NA, NA, 2760, 1187, 0, 9.341e+004, 0.000e+000
1, 1, 4, 1, 0, NA, NA, 2760, 1187, 0, 1.788e+005, 0.000e+000
1, 1, 5, 1, 0, NA, NA, 2760, 1187, 0, 1.762e+005, 0.000e+000
1, 1, 6, 1, 0, NA, NA, 2760, 1187, 0, 1.465e+005, 0.000e+000
1, 1, 7, 1, 0, NA, NA, 2760, 1187, 0, 9.999e+004, 0.000e+000
1, 1, 8, 1, 0, NA, NA, 2760, 1187, 0, 6.305e+004, 0.000e+000
1, 1, 9, 1, 0, NA, NA, 2760, 1187, 0, 7.383e+004, 0.000e+000
1, 1, 10, 1, 0, NA, NA, 2760, 1187, 0, 5.446e+004, 0.000e+000
1, 1, 11, 1, 0, NA, NA, 2760, 1187, 0, 5.025e+004, 0.000e+000
1, 1, 12, 1, 0, NA, NA, 2760, 1187, 0, 2.978e+004, 0.000e+000
1, 1, 13, 1, 0, NA, NA, 2760, 1187, 0, 2.887e+004, 0.000e+000
1, 1, 14, 1, 0, NA, NA, 2760, 1187, 0, 3.378e+003, 0.000e+000
1, 1, 15, 1, 0, NA, NA, 2760, 1187, 0, 5.723e+003, 0.000e+000
1, 1, 16, 1, 0, NA, NA, 2760, 1187, 0, 6.184e+003, 0.000e+000
1, 1, 17, 1, 0, NA, NA, 2760, 1187, 0, 1.809e+004, 0.000e+000
1, 1, 18, 1, 0, NA, NA, 2760, 1187, 0, 3.194e+004, 5.492e+004
1, 1, 19, 1, 0, NA, NA, 2760, 1187, 0, 6.485e+007, 2.074e+006
1, 1, 20, 1, 0, NA, NA, 2760, 1187, 0, 6.065e+007, 6.734e+005
1, 1, 21, 1, 0, NA, NA, 2760, 1187, 0, 5.654e+007, 3.133e+005
1, 1, 22, 1, 0, NA, NA, 2760, 1187, 0, 5.790e+007, 4.186e+005
1, 1, 23, 1, 0, NA, NA, 2760, 1187, 0, 5.619e+007, 1.044e+003
1, 1, 24, 1, 0, NA, NA, 2760, 1187, 0, 5.718e+007, 0.000e+000
1, 1, 25, 1, 0, NA, NA, 2760, 1187, 0, 6.074e+007, 0.000e+000
1, 1, 26, 1, 0, NA, NA, 2760, 1187, 0, 6.147e+007, 0.000e+000
1, 1, 27, 1, 0, NA, NA, 2760, 1187, 0, 6.190e+007, 0.000e+000
1, 1, 28, 1, 0, NA, NA, 2760, 1187, 0, 0.000e+000, 0.000e+000
1, 1, 29, 1, 0, NA, NA, 2760, 1187, 0, 0.000e+000, 0.000e+000
1, 1, 30, 1, 0, NA, NA, 2760, 1187, 0, 0.000e+000, 0.000e+000
1, 1, 31, 1, 0, NA, NA, 2760, 1187, 0, 0.000e+000, 0.000e+000
1, 1, 32, 1, 0, NA, NA, 2760, 1187, 0, 0.000e+000, 0.000e+000
1, 1, 33, 1, 0, NA, NA, 2760, 1187, 0, 0.000e+000, 0.000e+000
1, 1, 34, 1, 0, NA, NA, 2760, 1187, 0, 0.000e+000, 0.000e+000
1, 1, 35, 1, 0, NA, NA, 2760, 1187, 0, 0.000e+000, 0.000e+000
1, 1, 36, 1, 0, NA, NA, 2760, 1187, 0, 0.000e+000, 0.000e+000
1, 1, 1, 2, 0, NA, NA, 2760, 1187, 0, 0.000e+000, 0.000e+000
1, 1, 2, 2, 0, NA, NA, 2760, 1187, 0, 0.000e+000, 0.000e+000
1, 1, 3, 2, 0, NA, NA, 2760, 1187, 0, 0.000e+000, 0.000e+000
1, 1, 4, 2, 0, NA, NA, 2760, 1187, 0, 0.000e+000, 0.000e+000
1, 1, 5, 2, 0, NA, NA, 2760, 1187, 0, 0.000e+000, 0.000e+000
1, 1, 6, 2, 0, NA, NA, 2760, 1187, 0, 0.000e+000, 0.000e+000
1, 1, 7, 2, 0, NA, NA, 2760, 1187, 0, 0.000e+000, 0.000e+000
1, 1, 8, 2, 0, NA, NA, 2760, 1187, 0, 0.000e+000, 0.000e+000
1, 1, 9, 2, 0, NA, NA, 2760, 1187, 0, 0.000e+000, 0.000e+000
1, 1, 10, 2, 0, NA, NA, 2760, 1187, 0, 0.000e+000, 0.000e+000
1, 1, 11, 2, 0, NA, NA, 2760, 1187, 0, 0.000e+000, 0.000e+000
1, 1, 12, 2, 0, NA, NA, 2760, 1187, 0, 0.000e+000, 0.000e+000
1, 1, 13, 2, 0, NA, NA, 2760, 1187, 0, 0.000e+000, 0.000e+000
1, 1, 14, 2, 0, NA, NA, 2760, 1187, 0, 0.000e+000, 0.000e+000
1, 1, 15, 2, 0, NA, NA, 2760, 1187, 0, 0.000e+000, 0.000e+000
1, 1, 16, 2, 0, NA, NA, 2760, 1187, 0, 0.000e+000, 0.000e+000
1, 1, 17, 2, 0, NA, NA, 2760, 1187, 0, 0.000e+000, 0.000e+000
1, 1, 18, 2, 0, NA, NA, 2760, 1187, 0, 0.000e+000, 0.000e+000
1, 1, 19, 2, 0, NA, NA, 2760, 1187, 0, 1.993e+007, 2.646e+004
1, 1, 20, 2, 0, NA, NA, 2760, 1187, 0, 1.794e+007, 0.000e+000
1, 1, 21, 2, 0, NA, NA, 2760, 1187, 0, 1.434e+007, 0.000e+000
1, 1, 22, 2, 0, NA, NA, 2760, 1187, 0, 1.533e+007, 0.000e+000
1, 1, 23, 2, 0, NA, NA, 2760, 1187, 0, 1.578e+007, 0.000e+000
1, 1, 24, 2, 0, NA, NA, 2760, 1187, 0, 1.530e+007, 0.000e+000
1, 1, 25, 2, 0, NA, NA, 2760, 1187, 0, 1.693e+007, 0.000e+000
1, 1, 26, 2, 0, NA, NA, 2760, 1187, 0, 1.800e+007, 0.000e+000
1, 1, 27, 2, 0, NA, NA, 2760, 1187, 0, 1.833e+007, 0.000e+000
1, 1, 28, 2, 0, NA, NA, 2760, 1187, 0, 0.000e+000, 0.000e+000
1, 1, 29, 2, 0, NA, NA, 2760, 1187, 0, 0.000e+000, 0.000e+000
1, 1, 30, 2, 0, NA, NA, 2760, 1187, 0, 0.000e+000, 0.000e+000
1, 1, 31, 2, 0, NA, NA, 2760, 1187, 0, 0.000e+000, 0.000e+000
1, 1, 32, 2, 0, NA, NA, 2760, 1187, 0, 0.000e+000, 0.000e+000
1, 1, 33, 2, 0, NA, NA, 2760, 1187, 0, 0.000e+000, 0.000e+000
1, 1, 34, 2, 0, NA, NA, 2760, 1187, 0, 0.000e+000, 0.000e+000
1, 1, 35, 2, 0, NA, NA, 2760, 1187, 0, 6.100e+001, 0.000e+000
1, 1, 36, 2, 0, NA, NA, 2760, 1187, 0, 6.760e+002, 0.000e+000
1, 1, 1, 3, 0, NA, NA, 2760, 1187, 0, 0.000e+000, 0.000e+000
1, 1, 2, 3, 0, NA, NA, 2760, 1187, 0, 0.000e+000, 0.000e+000
1, 1, 3, 3, 0, NA, NA, 2760, 1187, 0, 0.000e+000, 0.000e+000
1, 1, 4, 3, 0, NA, NA, 2760, 1187, 0, 0.000e+000, 0.000e+000
1, 1, 5, 3, 0, NA, NA, 2760, 1187, 0, 0.000e+000, 0.000e+000
1, 1, 6, 3, 0, NA, NA, 2760, 1187, 0, 0.000e+000, 0.000e+000
1, 1, 7, 3, 0, NA, NA, 2760, 1187, 0, 0.000e+000, 0.000e+000
1, 1, 8, 3, 0, NA, NA, 2760, 1187, 0, 0.000e+000, 0.000e+000
1, 1, 9, 3, 0, NA, NA, 2760, 1187, 0, 0.000e+000, 0.000e+000
1, 1, 10, 3, 0, NA, NA, 2760, 1187, 0, 0.000e+000, 0.000e+000
1, 1, 11, 3, 0, NA, NA, 2760, 1187, 0, 0.000e+000, 0.000e+000
1, 1, 12, 3, 0, NA, NA, 2760, 1187, 0, 0.000e+000, 0.000e+000
1, 1, 13, 3, 0, NA, NA, 2760, 1187, 0, 0.000e+000, 0.000e+000
1, 1, 14, 3, 0, NA, NA, 2760, 1187, 0, 0.000e+000, 0.000e+000
1, 1, 15, 3, 0, NA, NA, 2760, 1187, 0, 0.000e+000, 0.000e+000
1, 1, 16, 3, 0, NA, NA, 2760, 1187, 0, 0.000e+000, 0.000e+000
1, 1, 17, 3, 0, NA, NA, 2760, 1187, 0, 0.000e+000, 0.000e+000
1, 1, 18, 3, 0, NA, NA, 2760, 1187, 0, 0.000e+000, 0.000e+000
1, 1, 19, 3, 0, NA, NA, 2760, 1187, 0, 0.000e+000, 0.000e+000
1, 1, 20, 3, 0, NA, NA, 2760, 1187, 0, 0.000e+000, 0.000e+000
1, 1, 21, 3, 0, NA, NA, 2760, 1187, 0, 0.000e+000, 0.000e+000
1, 1, 22, 3, 0, NA, NA, 2760, 1187, 0, 0.000e+000, 0.000e+000
1, 1, 23, 3, 0, NA, NA, 2760, 1187, 0, 0.000e+000, 0.000e+000
1, 1, 24, 3, 0, NA, NA, 2760, 1187, 0, 0.000e+000, 0.000e+000
1, 1, 25, 3, 0, NA, NA, 2760, 1187, 0, 0.000e+000, 0.000e+000
1, 1, 26, 3, 0, NA, NA, 2760, 1187, 0, 0.000e+000, 0.000e+000
1, 1, 27, 3, 0, NA, NA, 2760, 1187, 0, 0.000e+000, 0.000e+000
1, 1, 28, 3, 0, NA, NA, 2760, 1187, 0, 0.000e+000, 0.000e+000
1, 1, 29, 3, 0, NA, NA, 2760, 1187, 0, 0.000e+000, 0.000e+000
1, 1, 30, 3, 0, NA, NA, 2760, 1187, 0, 0.000e+000, 0.000e+000
1, 1, 31, 3, 0, NA, NA, 2760, 1187, 0, 0.000e+000, 0.000e+000
1, 1, 32, 3, 0, NA, NA, 2760, 1187, 0, 0.000e+000, 0.000e+000
1, 1, 33, 3, 0, NA, NA, 2760, 1187, 0, 0.000e+000, 0.000e+000
1, 1, 34, 3, 0, NA, NA, 2760, 1187, 0, 0.000e+000, 0.000e+000
1, 1, 35, 3, 0, NA, NA, 2760, 1187, 0, 0.000e+000, 0.000e+000
1, 1, 36, 3, 0, NA, NA, 2760, 1187, 0, 0.000e+000, 0.000e+000
1, 1, 1, 4, 0, NA, NA, 2760, 1187, 0, 2.642e+005, 0.000e+000
1, 1, 2, 4, 0, NA, NA, 2760, 1187, 0, 2.168e+005, 0.000e+000
1, 1, 3, 4, 0, NA, NA, 2760, 1187, 0, 2.107e+005, 0.000e+000
1, 1, 4, 4, 0, NA, NA, 2760, 1187, 0, 3.054e+005, 0.000e+000
1, 1, 5, 4, 0, NA, NA, 2760, 1187, 0, 2.799e+005, 0.000e+000
1, 1, 6, 4, 0, NA, NA, 2760, 1187, 0, 2.291e+005, 0.000e+000
1, 1, 7, 4, 0, NA, NA, 2760, 1187, 0, 1.701e+005, 0.000e+000
1, 1, 8, 4, 0, NA, NA, 2760, 1187, 0, 1.407e+005, 0.000e+000
1, 1, 9, 4, 0, NA, NA, 2760, 1187, 0, 1.065e+005, 0.000e+000
1, 1, 10, 4, 0, NA, NA, 2760, 1187, 0, 8.337e+005, 0.000e+000
1, 1, 11, 4, 0, NA, NA, 2760, 1187, 0, 6.492e+005, 0.000e+000
1, 1, 12, 4, 0, NA, NA, 2760, 1187, 0, 4.288e+005, 0.000e+000
1, 1, 13, 4, 0, NA, NA, 2760, 1187, 0, 4.636e+005, 0.000e+000
1, 1, 14, 4, 0, NA, NA, 2760, 1187, 0, 2.963e+005, 0.000e+000
1, 1, 15, 4, 0, NA, NA, 2760, 1187, 0, 2.688e+005, 0.000e+000
1, 1, 16, 4, 0, NA, NA, 2760, 1187, 0, 1.641e+005, 0.000e+000
1, 1, 17, 4, 0, NA, NA, 2760, 1187, 0, 1.910e+005, 0.000e+000
1, 1, 18, 4, 0, NA, NA, 2760, 1187, 0, 1.799e+005, 0.000e+000
1, 1, 19, 4, 0, NA, NA, 2760, 1187, 0, 1.225e+006, 0.000e+000
1, 1, 20, 4, 0, NA, NA, 2760, 1187, 0, 1.402e+004, 0.000e+000
1, 1, 21, 4, 0, NA, NA, 2760, 1187, 0, 6.074e+004, 0.000e+000
1, 1, 22, 4, 0, NA, NA, 2760, 1187, 0, 1.595e+004, 0.000e+000
1, 1, 23, 4, 0, NA, NA, 2760, 1187, 0, 0.000e+000, 0.000e+000
1, 1, 24, 4, 0, NA, NA, 2760, 1187, 0, 0.000e+000, 0.000e+000
1, 1, 25, 4, 0, NA, NA, 2760, 1187, 0, 5.534e+005, 0.000e+000
1, 1, 26, 4, 0, NA, NA, 2760, 1187, 0, 4.965e+005, 0.000e+000
1, 1, 27, 4, 0, NA, NA, 2760, 1187, 0, 7.394e+005, 0.000e+000
1, 1, 28, 4, 0, NA, NA, 2760, 1187, 0, 0.000e+000, 0.000e+000
1, 1, 29, 4, 0, NA, NA, 2760, 1187, 0, 0.000e+000, 0.000e+000
1, 1, 30, 4, 0, NA, NA, 2760, 1187, 0, 0.000e+000, 0.000e+000
1, 1, 31, 4, 0, NA, NA, 2760, 1187, 0, 0.000e+000, 0.000e+000
1, 1, 32, 4, 0, NA, NA, 2760, 1187, 0, 0.000e+000, 0.000e+000
1, 1, 33, 4, 0, NA, NA, 2760, 1187, 0, 0.000e+000, 0.000e+000
1, 1, 34, 4, 0, NA, NA, 2760, 1187, 0, 0.000e+000, 0.000e+000
1, 1, 35, 4, 0, NA, NA, 2760, 1187, 0, 0.000e+000, 0.000e+000
1, 1, 36, 4, 0, NA, NA, 2760, 1187, 0, 0.000e+000, 0.000e+000
1, 1, 1, 5, 0, NA, NA, 2760, 1187, 0, 1.560e+004, 0.000e+000
1, 1, 2, 5, 0, NA, NA, 2760, 1187, 0, 4.650e+003, 0.000e+000
1, 1, 3, 5, 0, NA, NA, 2760, 1187, 0, 2.869e+003, 0.000e+000
1, 1, 4, 5, 0, NA, NA, 2760, 1187, 0, 9.100e+001, 0.000e+000
1, 1, 5, 5, 0, NA, NA, 2760, 1187, 0, 0.000e+000, 0.000e+000
1, 1, 6, 5, 0, NA, NA, 2760, 1187, 0, 0.000e+000, 0.000e+000
1, 1, 7, 5, 0, NA, NA, 2760, 1187, 0, 3.662e+004, 0.000e+000
1, 1, 8, 5, 0, NA, NA, 2760, 1187, 0, 0.000e+000, 1.350e+002
1, 1, 9, 5, 0, NA, NA, 2760, 1187, 0, 0.000e+000, 0.000e+000
1, 1, 10, 5, 0, NA, NA, 2760, 1187, 0, 5.877e+004, 0.000e+000
1, 1, 11, 5, 0, NA, NA, 2760, 1187, 0, 3.919e+004, 0.000e+000
1, 1, 12, 5, 0, NA, NA, 2760, 1187, 0, 2.948e+004, 0.000e+000
1, 1, 13, 5, 0, NA, NA, 2760, 1187, 0, 4.242e+003, 0.000e+000
1, 1, 14, 5, 0, NA, NA, 2760, 1187, 0, 8.530e+002, 0.000e+000
1, 1, 15, 5, 0, NA, NA, 2760, 1187, 0, 0.000e+000, 0.000e+000
1, 1, 16, 5, 0, NA, NA, 2760, 1187, 0, 1.574e+004, 0.000e+000
1, 1, 17, 5, 0, NA, NA, 2760, 1187, 0, 1.800e+004, 0.000e+000
1, 1, 18, 5, 0, NA, NA, 2760, 1187, 0, 2.193e+004, 0.000e+000
1, 1, 19, 5, 0, NA, NA, 2760, 1187, 0, 0.000e+000, 0.000e+000
1, 1, 20, 5, 0, NA, NA, 2760, 1187, 0, 0.000e+000, 0.000e+000
1, 1, 21, 5, 0, NA, NA, 2760, 1187, 0, 0.000e+000, 0.000e+000
1, 1, 22, 5, 0, NA, NA, 2760, 1187, 0, 0.000e+000, 0.000e+000
1, 1, 23, 5, 0, NA, NA, 2760, 1187, 0, 0.000e+000, 0.000e+000
1, 1, 24, 5, 0, NA, NA, 2760, 1187, 0, 0.000e+000, 0.000e+000
1, 1, 25, 5, 0, NA, NA, 2760, 1187, 0, 0.000e+000, 0.000e+000
1, 1, 26, 5, 0, NA, NA, 2760, 1187, 0, 0.000e+000, 0.000e+000
1, 1, 27, 5, 0, NA, NA, 2760, 1187, 0, 0.000e+000, 0.000e+000
1, 1, 28, 5, 0, NA, NA, 2760, 1187, 0, 0.000e+000, 0.000e+000
1, 1, 29, 5, 0, NA, NA, 2760, 1187, 0, 0.000e+000, 0.000e+000
1, 1, 30, 5, 0, NA, NA, 2760, 1187, 0, 0.000e+000, 0.000e+000
1, 1, 31, 5, 0, NA, NA, 2760, 1187, 0, 0.000e+000, 0.000e+000
1, 1, 32, 5, 0, NA, NA, 2760, 1187, 0, 0.000e+000, 0.000e+000
1, 1, 33, 5, 0, NA, NA, 2760, 1187, 0, 0.000e+000, 0.000e+000
1, 1, 34, 5, 0, NA, NA, 2760, 1187, 0, 0.000e+000, 0.000e+000
1, 1, 35, 5, 0, NA, NA, 2760, 1187, 0, 0.000e+000, 0.000e+000
1, 1, 36, 5, 0, NA, NA, 2760, 1187, 0, 0.000e+000, 0.000e+000
1, 1, 1, 6, 0, NA, NA, 2760, 1187, 0, 0.000e+000, 1.194e+003
1, 1, 2, 6, 0, NA, NA, 2760, 1187, 0, 0.000e+000, 4.200e+001
1, 1, 3, 6, 0, NA, NA, 2760, 1187, 0, 0.000e+000, 0.000e+000
1, 1, 4, 6, 0, NA, NA, 2760, 1187, 0, 2.397e+003, 0.000e+000
1, 1, 5, 6, 0, NA, NA, 2760, 1187, 0, 0.000e+000, 0.000e+000
1, 1, 6, 6, 0, NA, NA, 2760, 1187, 0, 0.000e+000, 0.000e+000
1, 1, 7, 6, 0, NA, NA, 2760, 1187, 0, 0.000e+000, 0.000e+000
1, 1, 8, 6, 0, NA, NA, 2760, 1187, 0, 0.000e+000, 1.000e+000
1, 1, 9, 6, 0, NA, NA, 2760, 1187, 0, 0.000e+000, 1.456e+003
1, 1, 10, 6, 0, NA, NA, 2760, 1187, 0, 0.000e+000, 0.000e+000
1, 1, 11, 6, 0, NA, NA, 2760, 1187, 0, 0.000e+000, 0.000e+000
1, 1, 12, 6, 0, NA, NA, 2760, 1187, 0, 0.000e+000, 0.000e+000
1, 1, 13, 6, 0, NA, NA, 2760, 1187, 0, 0.000e+000, 0.000e+000
1, 1, 14, 6, 0, NA, NA, 2760, 1187, 0, 0.000e+000, 0.000e+000
1, 1, 15, 6, 0, NA, NA, 2760, 1187, 0, 0.000e+000, 0.000e+000
1, 1, 16, 6, 0, NA, NA, 2760, 1187, 0, 0.000e+000, 0.000e+000
1, 1, 17, 6, 0, NA, NA, 2760, 1187, 0, 0.000e+000, 0.000e+000
1, 1, 18, 6, 0, NA, NA, 2760, 1187, 0, 0.000e+000, 0.000e+000
1, 1, 19, 6, 0, NA, NA, 2760, 1187, 0, 0.000e+000, 0.000e+000
1, 1, 20, 6, 0, NA, NA, 2760, 1187, 0, 0.000e+000, 0.000e+000
1, 1, 21, 6, 0, NA, NA, 2760, 1187, 0, 0.000e+000, 0.000e+000
1, 1, 22, 6, 0, NA, NA, 2760, 1187, 0, 0.000e+000, 0.000e+000
1, 1, 23, 6, 0, NA, NA, 2760, 1187, 0, 0.000e+000, 0.000e+000
1, 1, 24, 6, 0, NA, NA, 2760, 1187, 0, 0.000e+000, 0.000e+000
1, 1, 25, 6, 0, NA, NA, 2760, 1187, 0, 0.000e+000, 0.000e+000
1, 1, 26, 6, 0, NA, NA, 2760, 1187, 0, 0.000e+000, 0.000e+000
1, 1, 27, 6, 0, NA, NA, 2760, 1187, 0, 0.000e+000, 0.000e+000
1, 1, 28, 6, 0, NA, NA, 2760, 1187, 0, 0.000e+000, 0.000e+000
1, 1, 29, 6, 0, NA, NA, 2760, 1187, 0, 0.000e+000, 0.000e+000
1, 1, 30, 6, 0, NA, NA, 2760, 1187, 0, 0.000e+000, 0.000e+000
1, 1, 31, 6, 0, NA, NA, 2760, 1187, 0, 0.000e+000, 0.000e+000
1, 1, 32, 6, 0, NA, NA, 2760, 1187, 0, 0.000e+000, 0.000e+000
1, 1, 33, 6, 0, NA, NA, 2760, 1187, 0, 0.000e+000, 0.000e+000
1, 1, 34, 6, 0, NA, NA, 2760, 1187, 0, 0.000e+000, 0.000e+000
1, 1, 35, 6, 0, NA, NA, 2760, 1187, 0, 0.000e+000, 0.000e+000
1, 1, 36, 6, 0, NA, NA, 2760, 1187, 0, 0.000e+000, 0.000e+000

Quad X 0, Y 0, spots 216
layer 0, avg intensity 1.173e+003, avg bkg 1.390e+001, avg SNR 84.376
