Spot Integral Intensity File
Grid: 36 by 6, spot diameter 1.200, spot style round
XQN, YQN, XSN, YSN, Attr, UID, Descr, Data Area, Bkg Area, (N of Saturated Pixels, Spot Integral Intensity, Spot Background Integral Intensity) x M
1, 1, 1, 1, 0, NA, NA, 2396, 1623, 0, 1.866e+007, 2.210e+002
1, 1, 2, 1, 0, NA, NA, 2396, 1623, 0, 1.803e+007, 0.000e+000
1, 1, 3, 1, 0, NA, NA, 2396, 1623, 0, 1.813e+007, 0.000e+000
1, 1, 4, 1, 0, NA, NA, 2396, 1623, 0, 1.954e+007, 1.089e+005
1, 1, 5, 1, 0, NA, NA, 2396, 1623, 0, 1.779e+007, 4.090e+002
1, 1, 6, 1, 0, NA, NA, 2396, 1623, 0, 1.926e+007, 6.300e+001
1, 1, 7, 1, 0, NA, NA, 2396, 1623, 0, 1.906e+007, 1.657e+004
1, 1, 8, 1, 0, NA, NA, 2396, 1623, 0, 1.816e+007, 1.588e+003
1, 1, 9, 1, 0, NA, NA, 2396, 1623, 0, 1.816e+007, 4.436e+003
1, 1, 10, 1, 0, NA, NA, 2396, 1623, 0, 4.660e+005, 0.000e+000
1, 1, 11, 1, 0, NA, NA, 2396, 1623, 0, 5.847e+005, 0.000e+000
1, 1, 12, 1, 0, NA, NA, 2396, 1623, 0, 6.128e+005, 0.000e+000
1, 1, 13, 1, 0, NA, NA, 2396, 1623, 0, 5.372e+005, 0.000e+000
1, 1, 14, 1, 0, NA, NA, 2396, 1623, 0, 4.032e+005, 0.000e+000
1, 1, 15, 1, 0, NA, NA, 2396, 1623, 0, 1.324e+005, 0.000e+000
1, 1, 16, 1, 0, NA, NA, 2396, 1623, 0, 1.677e+005, 0.000e+000
1, 1, 17, 1, 0, NA, NA, 2396, 1623, 0, 2.472e+005, 0.000e+000
1, 1, 18, 1, 0, NA, NA, 2396, 1623, 0, 3.147e+005, 3.269e+004
1, 1, 19, 1, 0, NA, NA, 2396, 1623, 0, 5.706e+007, 2.665e+006
1, 1, 20, 1, 0, NA, NA, 2396, 1623, 0, 5.848e+007, 3.743e+006
1, 1, 21, 1, 0, NA, NA, 2396, 1623, 0, 5.923e+007, 1.739e+006
1, 1, 22, 1, 0, NA, NA, 2396, 1623, 0, 5.822e+007, 8.177e+006
1, 1, 23, 1, 0, NA, NA, 2396, 1623, 0, 5.853e+007, 2.274e+006
1, 1, 24, 1, 0, NA, NA, 2396, 1623, 0, 6.012e+007, 2.701e+006
1, 1, 25, 1, 0, NA, NA, 2396, 1623, 0, 5.967e+007, 3.769e+006
1, 1, 26, 1, 0, NA, NA, 2396, 1623, 0, 6.081e+007, 3.323e+006
1, 1, 27, 1, 0, NA, NA, 2396, 1623, 0, 6.120e+007, 1.648e+006
1, 1, 28, 1, 0, NA, NA, 2396, 1623, 0, 7.642e+003, 3.206e+004
1, 1, 29, 1, 0, NA, NA, 2396, 1623, 0, 0.000e+000, 0.000e+000
1, 1, 30, 1, 0, NA, NA, 2396, 1623, 0, 0.000e+000, 0.000e+000
1, 1, 31, 1, 0, NA, NA, 2396, 1623, 0, 0.000e+000, 0.000e+000
1, 1, 32, 1, 0, NA, NA, 2396, 1623, 0, 0.000e+000, 0.000e+000
1, 1, 33, 1, 0, NA, NA, 2396, 1623, 0, 0.000e+000, 0.000e+000
1, 1, 34, 1, 0, NA, NA, 2396, 1623, 0, 0.000e+000, 0.000e+000
1, 1, 35, 1, 0, NA, NA, 2396, 1623, 0, 0.000e+000, 0.000e+000
1, 1, 36, 1, 0, NA, NA, 2396, 1623, 0, 0.000e+000, 0.000e+000
1, 1, 1, 2, 0, NA, NA, 2396, 1623, 0, 1.251e+006, 0.000e+000
1, 1, 2, 2, 0, NA, NA, 2396, 1623, 0, 1.199e+006, 0.000e+000
1, 1, 3, 2, 0, NA, NA, 2396, 1623, 0, 1.163e+006, 1.504e+003
1, 1, 4, 2, 0, NA, NA, 2396, 1623, 0, 1.537e+006, 4.440e+002
1, 1, 5, 2, 0, NA, NA, 2396, 1623, 0, 1.458e+006, 0.000e+000
1, 1, 6, 2, 0, NA, NA, 2396, 1623, 0, 9.749e+005, 0.000e+000
1, 1, 7, 2, 0, NA, NA, 2396, 1623, 0, 1.331e+006, 0.000e+000
1, 1, 8, 2, 0, NA, NA, 2396, 1623, 0, 1.358e+006, 0.000e+000
1, 1, 9, 2, 0, NA, NA, 2396, 1623, 0, 1.363e+006, 0.000e+000
1, 1, 10, 2, 0, NA, NA, 2396, 1623, 0, 0.000e+000, 0.000e+000
1, 1, 11, 2, 0, NA, NA, 2396, 1623, 0, 4.200e+001, 0.000e+000
1, 1, 12, 2, 0, NA, NA, 2396, 1623, 0, 1.460e+002, 2.700e+001
1, 1, 13, 2, 0, NA, NA, 2396, 1623, 0, 0.000e+000, 2.200e+002
1, 1, 14, 2, 0, NA, NA, 2396, 1623, 0, 0.000e+000, 0.000e+000
1, 1, 15, 2, 0, NA, NA, 2396, 1623, 0, 2.700e+001, 0.000e+000
1, 1, 16, 2, 0, NA, NA, 2396, 1623, 0, 0.000e+000, 0.000e+000
1, 1, 17, 2, 0, NA, NA, 2396, 1623, 0, 0.000e+000, 0.000e+000
1, 1, 18, 2, 0, NA, NA, 2396, 1623, 0, 0.000e+000, 2.063e+004
1, 1, 19, 2, 0, NA, NA, 2396, 1623, 0, 2.045e+007, 1.333e+006
1, 1, 20, 2, 0, NA, NA, 2396, 1623, 0, 2.275e+007, 1.066e+006
1, 1, 21, 2, 0, NA, NA, 2396, 1623, 0, 2.336e+007, 1.000e+006
1, 1, 22, 2, 0, NA, NA, 2396, 1623, 0, 2.049e+007, 4.880e+006
1, 1, 23, 2, 0, NA, NA, 2396, 1623, 0, 2.224e+007, 2.069e+006
1, 1, 24, 2, 0, NA, NA, 2396, 1623, 0, 2.354e+007, 1.550e+006
1, 1, 25, 2, 0, NA, NA, 2396, 1623, 0, 1.948e+007, 4.609e+006
1, 1, 26, 2, 0, NA, NA, 2396, 1623, 0, 2.157e+007, 2.791e+006
1, 1, 27, 2, 0, NA, NA, 2396, 1623, 0, 2.051e+007, 1.326e+006
1, 1, 28, 2, 0, NA, NA, 2396, 1623, 0, 0.000e+000, 1.881e+004
1, 1, 29, 2, 0, NA, NA, 2396, 1623, 0, 4.087e+003, 0.000e+000
1, 1, 30, 2, 0, NA, NA, 2396, 1623, 0, 0.000e+000, 0.000e+000
1, 1, 31, 2, 0, NA, NA, 2396, 1623, 0, 0.000e+000, 0.000e+000
1, 1, 32, 2, 0, NA, NA, 2396, 1623, 0, 0.000e+000, 0.000e+000
1, 1, 33, 2, 0, NA, NA, 2396, 1623, 0, 0.000e+000, 0.000e+000
1, 1, 34, 2, 0, NA, NA, 2396, 1623, 0, 0.000e+000, 0.000e+000
1, 1, 35, 2, 0, NA, NA, 2396, 1623, 0, 0.000e+000, 0.000e+000
1, 1, 36, 2, 0, NA, NA, 2396, 1623, 0, 0.000e+000, 0.000e+000
1, 1, 1, 3, 0, NA, NA, 2396, 1623, 0, 1.305e+005, 0.000e+000
1, 1, 2, 3, 0, NA, NA, 2396, 1623, 0, 1.008e+005, 0.000e+000
1, 1, 3, 3, 0, NA, NA, 2396, 1623, 0, 9.541e+004, 0.000e+000
1, 1, 4, 3, 0, NA, NA, 2396, 1623, 0, 1.310e+005, 0.000e+000
1, 1, 5, 3, 0, NA, NA, 2396, 1623, 0, 9.058e+004, 0.000e+000
1, 1, 6, 3, 0, NA, NA, 2396, 1623, 0, 3.145e+004, 0.000e+000
1, 1, 7, 3, 0, NA, NA, 2396, 1623, 0, 6.892e+004, 0.000e+000
1, 1, 8, 3, 0, NA, NA, 2396, 1623, 0, 4.815e+004, 0.000e+000
1, 1, 9, 3, 0, NA, NA, 2396, 1623, 0, 5.721e+004, 0.000e+000
1, 1, 10, 3, 0, NA, NA, 2396, 1623, 0, 0.000e+000, 0.000e+000
1, 1, 11, 3, 0, NA, NA, 2396, 1623, 0, 0.000e+000, 0.000e+000
1, 1, 12, 3, 0, NA, NA, 2396, 1623, 0, 0.000e+000, 0.000e+000
1, 1, 13, 3, 0, NA, NA, 2396, 1623, 0, 0.000e+000, 0.000e+000
1, 1, 14, 3, 0, NA, NA, 2396, 1623, 0, 0.000e+000, 0.000e+000
1, 1, 15, 3, 0, NA, NA, 2396, 1623, 0, 0.000e+000, 0.000e+000
1, 1, 16, 3, 0, NA, NA, 2396, 1623, 0, 0.000e+000, 0.000e+000
1, 1, 17, 3, 0, NA, NA, 2396, 1623, 0, 0.000e+000, 0.000e+000
1, 1, 18, 3, 0, NA, NA, 2396, 1623, 0, 0.000e+000, 0.000e+000
1, 1, 19, 3, 0, NA, NA, 2396, 1623, 0, 0.000e+000, 0.000e+000
1, 1, 20, 3, 0, NA, NA, 2396, 1623, 0, 2.750e+002, 0.000e+000
1, 1, 21, 3, 0, NA, NA, 2396, 1623, 0, 2.570e+002, 1.106e+003
1, 1, 22, 3, 0, NA, NA, 2396, 1623, 0, 1.631e+004, 1.111e+005
1, 1, 23, 3, 0, NA, NA, 2396, 1623, 0, 1.799e+004, 0.000e+000
1, 1, 24, 3, 0, NA, NA, 2396, 1623, 0, 2.827e+004, 3.936e+004
1, 1, 25, 3, 0, NA, NA, 2396, 1623, 0, 1.535e+006, 1.231e+006
1, 1, 26, 3, 0, NA, NA, 2396, 1623, 0, 2.758e+006, 6.452e+005
1, 1, 27, 3, 0, NA, NA, 2396, 1623, 0, 3.446e+006, 2.491e+005
1, 1, 28, 3, 0, NA, NA, 2396, 1623, 0, 1.088e+003, 2.340e+002
1, 1, 29, 3, 0, NA, NA, 2396, 1623, 0, 0.000e+000, 0.000e+000
1, 1, 30, 3, 0, NA, NA, 2396, 1623, 0, 0.000e+000, 0.000e+000
1, 1, 31, 3, 0, NA, NA, 2396, 1623, 0, 0.000e+000, 0.000e+000
1, 1, 32, 3, 0, NA, NA, 2396, 1623, 0, 0.000e+000, 0.000e+000
1, 1, 33, 3, 0, NA, NA, 2396, 1623, 0, 0.000e+000, 0.000e+000
1, 1, 34, 3, 0, NA, NA, 2396, 1623, 0, 0.000e+000, 0.000e+000
1, 1, 35, 3, 0, NA, NA, 2396, 1623, 0, 0.000e+000, 0.000e+000
1, 1, 36, 3, 0, NA, NA, 2396, 1623, 0, 0.000e+000, 0.000e+000
1, 1, 1, 4, 0, NA, NA, 2396, 1623, 0, 4.886e+006, 0.000e+000
1, 1, 2, 4, 0, NA, NA, 2396, 1623, 0, 4.309e+006, 0.000e+000
1, 1, 3, 4, 0, NA, NA, 2396, 1623, 0, 4.996e+006, 0.000e+000
1, 1, 4, 4, 0, NA, NA, 2396, 1623, 0, 4.006e+006, 0.000e+000
1, 1, 5, 4, 0, NA, NA, 2396, 1623, 0, 3.893e+006, 0.000e+000
1, 1, 6, 4, 0, NA, NA, 2396, 1623, 0, 3.831e+006, 0.000e+000
1, 1, 7, 4, 0, NA, NA, 2396, 1623, 0, 3.858e+006, 0.000e+000
1, 1, 8, 4, 0, NA, NA, 2396, 1623, 0, 3.731e+006, 0.000e+000
1, 1, 9, 4, 0, NA, NA, 2396, 1623, 0, 3.817e+006, 0.000e+000
1, 1, 10, 4, 0, NA, NA, 2396, 1623, 0, 4.846e+005, 0.000e+000
1, 1, 11, 4, 0, NA, NA, 2396, 1623, 0, 7.479e+005, 0.000e+000
1, 1, 12, 4, 0, NA, NA, 2396, 1623, 0, 8.298e+005, 0.000e+000
1, 1, 13, 4, 0, NA, NA, 2396, 1623, 0, 8.096e+005, 0.000e+000
1, 1, 14, 4, 0, NA, NA, 2396, 1623, 0, 7.333e+005, 0.000e+000
1, 1, 15, 4, 0, NA, NA, 2396, 1623, 0, 2.433e+005, 0.000e+000
1, 1, 16, 4, 0, NA, NA, 2396, 1623, 0, 6.983e+005, 1.003e+003
1, 1, 17, 4, 0, NA, NA, 2396, 1623, 0, 7.771e+005, 0.000e+000
1, 1, 18, 4, 0, NA, NA, 2396, 1623, 0, 6.086e+005, 0.000e+000
1, 1, 19, 4, 0, NA, NA, 2396, 1623, 0, 4.325e+007, 1.782e+005
1, 1, 20, 4, 0, NA, NA, 2396, 1623, 0, 4.433e+007, 1.326e+005
1, 1, 21, 4, 0, NA, NA, 2396, 1623, 0, 4.415e+007, 1.380e+005
1, 1, 22, 4, 0, NA, NA, 2396, 1623, 0, 4.547e+007, 1.732e+006
1, 1, 23, 4, 0, NA, NA, 2396, 1623, 0, 4.417e+007, 3.111e+005
1, 1, 24, 4, 0, NA, NA, 2396, 1623, 0, 4.681e+007, 1.648e+006
1, 1, 25, 4, 0, NA, NA, 2396, 1623, 0, 4.995e+007, 3.519e+006
1, 1, 26, 4, 0, NA, NA, 2396, 1623, 0, 5.123e+007, 2.431e+006
1, 1, 27, 4, 0, NA, NA, 2396, 1623, 0, 5.128e+007, 1.484e+006
1, 1, 28, 4, 0, NA, NA, 2396, 1623, 0, 0.000e+000, 0.000e+000
1, 1, 29, 4, 0, NA, NA, 2396, 1623, 0, 7.820e+002, 0.000e+000
1, 1, 30, 4, 0, NA, NA, 2396, 1623, 0, 0.000e+000, 0.000e+000
1, 1, 31, 4, 0, NA, NA, 2396, 1623, 0, 0.000e+000, 0.000e+000
1, 1, 32, 4, 0, NA, NA, 2396, 1623, 0, 0.000e+000, 0.000e+000
1, 1, 33, 4, 0, NA, NA, 2396, 1623, 0, 0.000e+000, 0.000e+000
1, 1, 34, 4, 0, NA, NA, 2396, 1623, 0, 0.000e+000, 0.000e+000
1, 1, 35, 4, 0, NA, NA, 2396, 1623, 0, 0.000e+000, 0.000e+000
1, 1, 36, 4, 0, NA, NA, 2396, 1623, 0, 0.000e+000, 0.000e+000
1, 1, 1, 5, 0, NA, NA, 2396, 1623, 0, 1.138e+006, 0.000e+000
1, 1, 2, 5, 0, NA, NA, 2396, 1623, 0, 1.067e+006, 0.000e+000
1, 1, 3, 5, 0, NA, NA, 2396, 1623, 0, 9.590e+005, 0.000e+000
1, 1, 4, 5, 0, NA, NA, 2396, 1623, 0, 8.909e+005, 0.000e+000
1, 1, 5, 5, 0, NA, NA, 2396, 1623, 0, 7.257e+005, 0.000e+000
1, 1, 6, 5, 0, NA, NA, 2396, 1623, 0, 5.790e+005, 0.000e+000
1, 1, 7, 5, 0, NA, NA, 2396, 1623, 0, 8.008e+005, 0.000e+000
1, 1, 8, 5, 0, NA, NA, 2396, 1623, 0, 6.745e+005, 0.000e+000
1, 1, 9, 5, 0, NA, NA, 2396, 1623, 0, 8.240e+005, 0.000e+000
1, 1, 10, 5, 0, NA, NA, 2396, 1623, 0, 0.000e+000, 0.000e+000
1, 1, 11, 5, 0, NA, NA, 2396, 1623, 0, 4.228e+003, 0.000e+000
1, 1, 12, 5, 0, NA, NA, 2396, 1623, 0, 1.200e+001, 0.000e+000
1, 1, 13, 5, 0, NA, NA, 2396, 1623, 0, 0.000e+000, 0.000e+000
1, 1, 14, 5, 0, NA, NA, 2396, 1623, 0, 0.000e+000, 0.000e+000
1, 1, 15, 5, 0, NA, NA, 2396, 1623, 0, 0.000e+000, 0.000e+000
1, 1, 16, 5, 0, NA, NA, 2396, 1623, 0, 0.000e+000, 0.000e+000
1, 1, 17, 5, 0, NA, NA, 2396, 1623, 0, 0.000e+000, 0.000e+000
1, 1, 18, 5, 0, NA, NA, 2396, 1623, 0, 5.000e+001, 0.000e+000
1, 1, 19, 5, 0, NA, NA, 2396, 1623, 0, 5.391e+006, 0.000e+000
1, 1, 20, 5, 0, NA, NA, 2396, 1623, 0, 6.441e+006, 0.000e+000
1, 1, 21, 5, 0, NA, NA, 2396, 1623, 0, 6.452e+006, 0.000e+000
1, 1, 22, 5, 0, NA, NA, 2396, 1623, 0, 6.097e+006, 0.000e+000
1, 1, 23, 5, 0, NA, NA, 2396, 1623, 0, 6.598e+006, 0.000e+000
1, 1, 24, 5, 0, NA, NA, 2396, 1623, 0, 8.154e+006, 0.000e+000
1, 1, 25, 5, 0, NA, NA, 2396, 1623, 0, 1.050e+007, 1.584e+005
1, 1, 26, 5, 0, NA, NA, 2396, 1623, 0, 1.220e+007, 2.931e+004
1, 1, 27, 5, 0, NA, NA, 2396, 1623, 0, 1.260e+007, 0.000e+000
1, 1, 28, 5, 0, NA, NA, 2396, 1623, 0, 0.000e+000, 0.000e+000
1, 1, 29, 5, 0, NA, NA, 2396, 1623, 0, 0.000e+000, 0.000e+000
1, 1, 30, 5, 0, NA, NA, 2396, 1623, 0, 0.000e+000, 0.000e+000
1, 1, 31, 5, 0, NA, NA, 2396, 1623, 0, 0.000e+000, 0.000e+000
1, 1, 32, 5, 0, NA, NA, 2396, 1623, 0, 0.000e+000, 0.000e+000
1, 1, 33, 5, 0, NA, NA, 2396, 1623, 0, 0.000e+000, 0.000e+000
1, 1, 34, 5, 0, NA, NA, 2396, 1623, 0, 0.000e+000, 0.000e+000
1, 1, 35, 5, 0, NA, NA, 2396, 1623, 0, 0.000e+000, 0.000e+000
1, 1, 36, 5, 0, NA, NA, 2396, 1623, 0, 0.000e+000, 0.000e+000
1, 1, 1, 6, 0, NA, NA, 2396, 1623, 0, 3.075e+005, 0.000e+000
1, 1, 2, 6, 0, NA, NA, 2396, 1623, 0, 2.655e+005, 0.000e+000
1, 1, 3, 6, 0, NA, NA, 2396, 1623, 0, 2.375e+005, 0.000e+000
1, 1, 4, 6, 0, NA, NA, 2396, 1623, 0, 1.848e+005, 0.000e+000
1, 1, 5, 6, 0, NA, NA, 2396, 1623, 0, 0.000e+000, 0.000e+000
1, 1, 6, 6, 0, NA, NA, 2396, 1623, 0, 9.527e+004, 0.000e+000
1, 1, 7, 6, 0, NA, NA, 2396, 1623, 0, 1.260e+005, 0.000e+000
1, 1, 8, 6, 0, NA, NA, 2396, 1623, 0, 8.299e+004, 0.000e+000
1, 1, 9, 6, 0, NA, NA, 2396, 1623, 0, 8.858e+004, 0.000e+000
1, 1, 10, 6, 0, NA, NA, 2396, 1623, 0, 0.000e+000, 0.000e+000
1, 1, 11, 6, 0, NA, NA, 2396, 1623, 0, 0.000e+000, 0.000e+000
1, 1, 12, 6, 0, NA, NA, 2396, 1623, 0, 0.000e+000, 0.000e+000
1, 1, 13, 6, 0, NA, NA, 2396, 1623, 0, 0.000e+000, 0.000e+000
1, 1, 14, 6, 0, NA, NA, 2396, 1623, 0, 0.000e+000, 0.000e+000
1, 1, 15, 6, 0, NA, NA, 2396, 1623, 0, 0.000e+000, 0.000e+000
1, 1, 16, 6, 0, NA, NA, 2396, 1623, 0, 0.000e+000, 0.000e+000
1, 1, 17, 6, 0, NA, NA, 2396, 1623, 0, 0.000e+000, 0.000e+000
1, 1, 18, 6, 0, NA, NA, 2396, 1623, 0, 0.000e+000, 0.000e+000
1, 1, 19, 6, 0, NA, NA, 2396, 1623, 0, 0.000e+000, 0.000e+000
1, 1, 20, 6, 0, NA, NA, 2396, 1623, 0, 0.000e+000, 0.000e+000
1, 1, 21, 6, 0, NA, NA, 2396, 1623, 0, 0.000e+000, 0.000e+000
1, 1, 22, 6, 0, NA, NA, 2396, 1623, 0, 0.000e+000, 0.000e+000
1, 1, 23, 6, 0, NA, NA, 2396, 1623, 0, 0.000e+000, 0.000e+000
1, 1, 24, 6, 0, NA, NA, 2396, 1623, 0, 0.000e+000, 0.000e+000
1, 1, 25, 6, 0, NA, NA, 2396, 1623, 0, 0.000e+000, 0.000e+000
1, 1, 26, 6, 0, NA, NA, 2396, 1623, 0, 0.000e+000, 0.000e+000
1, 1, 27, 6, 0, NA, NA, 2396, 1623, 0, 0.000e+000, 0.000e+000
1, 1, 28, 6, 0, NA, NA, 2396, 1623, 0, 1.121e+003, 0.000e+000
1, 1, 29, 6, 0, NA, NA, 2396, 1623, 0, 0.000e+000, 0.000e+000
1, 1, 30, 6, 0, NA, NA, 2396, 1623, 0, 0.000e+000, 0.000e+000
1, 1, 31, 6, 0, NA, NA, 2396, 1623, 0, 0.000e+000, 0.000e+000
1, 1, 32, 6, 0, NA, NA, 2396, 1623, 0, 0.000e+000, 0.000e+000
1, 1, 33, 6, 0, NA, NA, 2396, 1623, 0, 0.000e+000, 0.000e+000
1, 1, 34, 6, 0, NA, NA, 2396, 1623, 0, 0.000e+000, 0.000e+000
1, 1, 35, 6, 0, NA, NA, 2396, 1623, 0, 7.800e+001, 0.000e+000
1, 1, 36, 6, 0, NA, NA, 2396, 1623, 0, 0.000e+000, 0.000e+000

Quad X 0, Y 0, spots 216
layer 0, avg intensity 2.832e+003, avg bkg 1.853e+002, avg SNR 15.286
